SerialNumber,Type,SubType,UnitID,FirmwareVersion,FileID,StartTime,DataState,HasGaps
1330515,UsbEnhanced,USB,ZH2,513,91,01.01.2022 11:11:11,Complete,False

OrganID,KidneySide,BloodType,CrossClampTime&Date,CrossClampTimezone,TotalIschemicTime,PerfusateLot,PerfusateExpirationDate,PerfusateUsed,Cannula,CannulaExpirationDate,CassetteLot#,CasetteExpirationDate
Test2,Left,O,,,,,,,,,,

SequentialRecordNumber,SerialNumber,FileID,InfuseTime,FlowRate,OrganResistance,IceContainerTemperature,InfuseTemperature,Error1,Error2,State,PressureSet,AveragePressure,DiastolicPressure,SystolicPressure,Checksum
00001,1330515,91,00:00:00,010,000,0026,0172,0000,0000,10,30,0,0,0,143
00002,1330515,91,00:00:00,001,000,0026,0166,0000,0000,02,30,0,0,0,138
00003,1330515,91,00:00:00,000,000,0026,0164,0000,0000,02,30,1,0,0,137
00004,1330515,91,00:00:00,000,000,0026,0164,0000,0000,02,30,0,0,0,143
00005,1330515,91,00:00:00,000,000,0026,0164,0000,0000,02,30,0,0,0,142
00006,1330515,91,00:00:00,000,000,0025,0165,0000,0000,02,30,0,0,0,143
00007,1330515,91,00:00:00,000,000,0024,0164,0000,0000,02,30,3,0,0,141
00008,1330515,91,00:00:00,010,000,0024,0162,0000,0000,02,30,0,0,0,134
00009,1330515,91,00:00:00,005,000,0023,0163,0000,0000,08,30,0,0,0,143
00010,1330515,91,00:00:00,098,006,0023,0162,0000,0000,08,30,6,0,0,130
00011,1330515,91,00:00:10,002,350,0022,0159,0000,0000,10,30,7,3,6,133
00012,1330515,91,00:00:20,010,120,0021,0158,0000,0000,10,30,12,12,13,243
00013,1330515,91,00:00:30,021,080,0021,0159,0000,0000,10,30,17,14,17,252
00014,1330515,91,00:00:40,029,075,0021,0159,0000,0000,10,30,22,20,23,248
00015,1330515,91,00:00:50,033,072,0020,0159,0000,0000,10,30,24,22,25,247
00016,1330515,91,00:01:00,042,061,0020,0158,0000,0000,10,30,26,23,26,245
00017,1330515,91,00:01:10,043,060,0019,0157,0000,0000,10,30,26,24,28,249
00018,1330515,91,00:01:20,042,066,0019,0156,0000,0000,10,30,28,26,29,254
00019,1330515,91,00:01:30,045,060,0019,0156,0000,0000,10,30,27,25,29,243
00020,1330515,91,00:01:40,049,055,0019,0155,0000,0000,10,30,27,25,28,246
00021,1330515,91,00:01:50,051,052,0019,0154,0000,0000,10,30,27,25,29,248
00022,1330515,91,00:02:00,051,052,0019,0154,0000,0000,10,30,27,25,29,253
00023,1330515,91,00:02:10,054,050,0018,0154,0000,0000,10,30,27,25,29,251
00024,1330515,91,00:02:20,054,050,0018,0153,0000,0000,10,30,28,25,29,247
00025,1330515,91,00:02:30,055,050,0018,0151,0000,0000,10,30,28,27,30,254
00026,1330515,91,00:02:40,054,051,0018,0151,0000,0000,10,30,28,26,29,243
00027,1330515,91,00:02:50,056,048,0018,0151,0000,0000,10,30,27,26,30,254
00028,1330515,91,00:03:00,056,048,0018,0151,0000,0000,10,30,27,26,29,253
00029,1330515,91,00:03:10,057,047,0018,0150,0000,0000,10,30,27,25,29,241
00030,1330515,91,00:03:20,058,046,0018,0150,0000,0000,10,30,27,26,29,247
00031,1330515,91,00:03:30,060,045,0018,0149,0000,0000,10,30,27,25,29,244
00032,1330515,91,00:03:40,060,045,0018,0149,0000,0000,10,30,27,25,29,240
00033,1330515,91,00:03:50,058,048,0018,0148,0000,0000,10,30,28,26,30,243
00034,1330515,91,00:04:00,059,047,0018,0148,0000,0000,10,30,28,27,30,249
00035,1330515,91,00:04:10,059,047,0018,0149,0000,0000,10,30,28,27,30,248
00036,1330515,91,00:04:20,060,045,0018,0148,0000,0000,10,30,27,26,29,247
00037,1330515,91,00:04:30,063,044,0018,0148,0000,0000,10,30,28,25,29,249
00038,1330515,91,00:04:40,060,045,0018,0147,0000,0000,10,30,27,26,30,248
00039,1330515,91,00:04:50,065,041,0018,0148,0000,0000,10,30,27,25,29,253
00040,1330515,91,00:05:00,065,041,0018,0146,0000,0000,10,30,27,25,29,249
00041,1330515,91,00:05:10,065,043,0018,0147,0000,0000,10,30,28,25,30,253
00042,1330515,91,00:05:20,065,041,0017,0147,0000,0000,10,30,27,26,29,244
00043,1330515,91,00:05:30,067,041,0018,0145,0000,0000,10,30,28,26,29,244
00044,1330515,91,00:05:40,067,041,0017,0146,0000,0000,10,30,28,26,30,240
00045,1330515,91,00:05:50,068,041,0017,0145,0000,0000,10,30,28,26,29,244
00046,1330515,91,00:06:00,071,038,0017,0145,0000,0000,10,30,27,25,29,251
00047,1330515,91,00:06:10,070,038,0017,0145,0000,0000,10,30,27,26,29,249
00048,1330515,91,00:06:20,070,038,0017,0146,0000,0000,10,30,27,26,29,246
00049,1330515,91,00:06:30,071,038,0017,0145,0000,0000,10,30,27,26,29,244
00050,1330515,91,00:06:40,073,036,0017,0146,0000,0000,10,30,27,26,29,244
00051,1330515,91,00:06:50,073,036,0017,0145,0000,0000,90,30,27,26,29,255
00052,1330515,91,00:07:00,075,036,0017,0145,0000,0000,90,30,27,26,29,254
00053,1330515,91,00:07:10,077,036,0017,0145,0000,0000,90,30,28,26,29,243
00054,1330515,91,00:07:20,077,035,0017,0145,0000,0000,90,30,27,26,30,243
00055,1330515,91,00:07:30,077,036,0017,0145,0000,0000,90,30,28,26,29,247
00056,1330515,91,00:07:40,077,035,0017,0145,0000,0000,90,30,27,26,30,247
00057,1330515,91,00:07:50,079,034,0017,0144,0000,0000,90,30,27,25,29,242
00058,1330515,91,00:08:00,081,033,0017,0145,0000,0000,90,30,27,25,29,246
00059,1330515,91,00:08:10,083,032,0017,0145,0000,0000,90,30,27,26,29,246
00060,1330515,91,00:08:20,083,033,0017,0145,0000,0000,90,30,28,26,29,241
00061,1330515,91,00:08:30,084,032,0017,0145,0000,0000,90,30,27,26,30,240
00062,1330515,91,00:08:40,085,031,0017,0145,0000,0000,90,30,27,26,29,254
00063,1330515,91,00:08:50,085,031,0017,0145,0000,0000,90,30,27,26,29,254
00064,1330515,91,00:09:00,087,032,0017,0145,0000,0000,90,30,27,26,29,252
00065,1330515,91,00:09:10,087,032,0017,0145,0000,0000,90,30,28,26,29,243
00066,1330515,91,00:09:20,087,032,0017,0144,0000,0000,90,30,28,26,30,250
00067,1330515,91,00:09:30,088,031,0017,0144,0000,0000,90,30,28,26,29,254
00068,1330515,91,00:09:40,088,031,0017,0145,0000,0000,90,30,28,26,29,247
00069,1330515,91,00:09:50,088,031,0017,0145,0000,0000,90,30,28,26,30,255
00070,1330515,91,00:10:00,089,030,0017,0144,0000,0000,90,30,27,26,29,252
00071,1330515,91,00:10:00,112,011,0017,0144,0000,0000,B0,30,12,11,12,140
00072,1330515,91,00:10:00,000,000,0017,0143,0000,0000,90,30,0,0,0,131
00073,1330515,91,00:10:10,010,060,0017,0144,0000,0000,90,30,6,3,5,131
00074,1330515,91,00:10:20,030,040,0016,0145,0000,0000,90,30,12,9,12,137
00075,1330515,91,00:10:30,050,034,0017,0145,0000,0000,90,30,17,15,18,250
00076,1330515,91,00:10:40,065,032,0017,0145,0000,0000,90,30,21,18,23,254
00077,1330515,91,00:10:50,074,032,0017,0145,0000,0000,90,30,24,21,25,247
00078,1330515,91,00:11:00,083,030,0016,0145,0000,0000,90,30,25,23,27,246
00079,1330515,91,00:11:10,088,029,0017,0145,0000,0000,90,30,26,24,28,255
00080,1330515,91,00:11:20,091,029,0016,0145,0000,0000,90,30,27,25,29,242
00081,1330515,91,00:11:30,095,028,0017,0145,0000,0000,90,30,27,25,28,247
00082,1330515,91,00:11:40,096,028,0017,0144,0000,0000,90,30,27,26,29,243
00083,1330515,91,00:11:50,099,027,0017,0144,0000,0000,90,30,27,26,29,243
00084,1330515,91,00:12:00,098,028,0017,0143,0000,0000,90,30,28,26,30,252
00085,1330515,91,00:12:10,099,028,0017,0144,0000,0000,90,30,28,27,30,251
00086,1330515,91,00:12:20,099,028,0017,0143,0000,0000,90,30,28,27,30,252
00087,1330515,91,00:12:30,099,028,0017,0142,0000,0000,90,30,28,27,30,253
00088,1330515,91,00:12:40,099,028,0016,0142,0000,0000,90,30,28,27,30,244
00089,1330515,91,00:12:50,099,028,0016,0143,0000,0000,90,30,28,26,30,244
00090,1330515,91,00:13:00,098,027,0017,0143,0000,0000,90,30,27,26,29,240
00091,1330515,91,00:13:10,099,028,0017,0142,0000,0000,90,30,28,26,29,240
00092,1330515,91,00:13:20,099,028,0017,0142,0000,0000,90,30,28,27,29,241
00093,1330515,91,00:13:30,098,028,0017,0142,0000,0000,90,30,28,27,30,248
00094,1330515,91,00:13:40,099,028,0017,0142,0000,0000,90,30,28,26,29,240
00095,1330515,91,00:13:50,098,028,0017,0142,0000,0000,90,30,28,26,29,241
00096,1330515,91,00:14:00,101,027,0017,0142,0000,0000,90,30,28,27,29,255
00097,1330515,91,00:14:10,103,027,0016,0141,0000,0000,90,30,28,26,29,254
00098,1330515,91,00:14:20,104,026,0016,0141,0000,0000,90,30,28,26,29,244
00099,1330515,91,00:14:30,107,026,0017,0140,0000,0000,90,30,28,27,29,246
00100,1330515,91,00:14:40,107,026,0017,0142,0000,0000,90,30,28,27,30,250
00101,1330515,91,00:14:50,107,026,0017,0141,0000,0000,90,30,28,27,30,249
00102,1330515,91,00:15:00,107,026,0017,0141,0000,0000,90,30,28,27,30,254
00103,1330515,91,00:15:10,105,026,0017,0141,0000,0000,90,30,28,27,30,252
00104,1330515,91,00:15:20,107,026,0017,0141,0000,0000,90,30,28,26,29,243
00105,1330515,91,00:15:30,107,026,0017,0140,0000,0000,90,30,28,27,30,251
00106,1330515,91,00:15:40,107,026,0017,0139,0000,0000,90,30,28,27,30,241
00107,1330515,91,00:15:50,107,026,0017,0140,0000,0000,90,30,28,27,29,247
00108,1330515,91,00:16:00,108,025,0017,0140,0000,0000,90,30,28,27,29,242
00109,1330515,91,00:16:10,108,025,0017,0141,0000,0000,90,30,28,27,29,243
00110,1330515,91,00:16:20,108,025,0017,0141,0000,0000,90,30,28,27,30,240
00111,1330515,91,00:16:30,108,025,0017,0140,0000,0000,90,30,28,27,30,241
00112,1330515,91,00:16:40,108,025,0017,0140,0000,0000,90,30,28,27,30,245
00113,1330515,91,00:16:50,109,025,0017,0140,0000,0000,90,30,28,27,29,252
00114,1330515,91,00:17:00,109,025,0017,0139,0000,0000,90,30,28,27,29,241
00115,1330515,91,00:17:10,111,025,0017,0139,0000,0000,90,30,28,27,30,240
00116,1330515,91,00:17:20,113,024,0017,0139,0000,0000,90,30,28,27,29,251
00117,1330515,91,00:17:30,113,024,0017,0140,0000,0000,90,30,28,27,29,245
00118,1330515,91,00:17:40,113,024,0017,0138,0000,0000,90,30,28,27,30,250
00119,1330515,91,00:17:50,114,024,0017,0139,0000,0000,90,30,28,27,29,244
00120,1330515,91,00:18:00,112,025,0017,0139,0000,0000,90,30,28,28,30,244
00121,1330515,91,00:18:10,113,024,0016,0139,0000,0000,90,30,28,27,30,250
00122,1330515,91,00:18:20,113,024,0016,0139,0000,0000,90,30,28,27,30,250
00123,1330515,91,00:18:30,113,024,0017,0138,0000,0000,90,30,28,27,29,242
00124,1330515,91,00:18:40,114,024,0017,0138,0000,0000,90,30,28,27,29,245
00125,1330515,91,00:18:50,114,024,0017,0138,0000,0000,90,30,28,27,29,245
00126,1330515,91,00:19:00,113,024,0017,0138,0000,0000,90,30,28,27,30,253
00127,1330515,91,00:19:10,116,024,0017,0138,0000,0000,90,30,28,27,29,240
00128,1330515,91,00:19:20,117,024,0017,0138,0000,0000,90,30,29,28,30,251
00129,1330515,91,00:19:30,116,024,0017,0138,0000,0000,90,30,28,28,30,251
00130,1330515,91,00:19:40,116,024,0017,0137,0000,0000,90,30,28,27,29,252
00131,1330515,91,00:19:50,117,024,0017,0138,0000,0000,90,30,29,28,30,244
00132,1330515,91,00:20:00,117,023,0017,0137,0000,0000,B0,30,27,25,27,142
00133,1330515,91,00:20:00,139,000,0017,0137,0000,0000,B0,30,0,0,0,247
00134,1330515,91,00:20:10,004,050,0017,0138,0000,0000,90,30,2,1,2,142
00135,1330515,91,00:20:20,022,031,0017,0138,0000,0000,90,30,8,5,7,132
00136,1330515,91,00:20:30,043,032,0017,0139,0000,0000,90,30,14,10,14,250
00137,1330515,91,00:20:40,065,027,0017,0138,0000,0000,90,30,18,15,20,243
00138,1330515,91,00:20:50,083,024,0017,0138,0000,0000,90,30,21,17,23,253
00139,1330515,91,00:21:00,097,023,0017,0138,0000,0000,90,30,24,21,25,252
00140,1330515,91,00:21:10,107,024,0017,0137,0000,0000,90,30,26,24,27,246
00141,1330515,91,00:21:20,111,024,0017,0137,0000,0000,90,30,27,26,28,255
00142,1330515,91,00:21:30,116,023,0017,0136,0000,0000,90,30,27,26,28,252
00143,1330515,91,00:21:40,117,023,0017,0135,0000,0000,90,30,28,27,29,247
00144,1330515,91,00:21:50,118,023,0017,0134,0000,0000,90,30,28,27,30,247
00145,1330515,91,00:22:00,118,023,0017,0133,0000,0000,90,30,28,28,30,248
00146,1330515,91,00:22:10,117,023,0017,0132,0000,0000,90,30,28,28,30,244
00147,1330515,91,00:22:20,118,024,0017,0132,0000,0000,90,30,29,28,30,255
00148,1330515,91,00:22:30,118,024,0018,0131,0000,0000,90,30,29,28,30,253
00149,1330515,91,00:22:40,118,024,0018,0131,0000,0000,90,30,29,28,30,251
00150,1330515,91,00:22:50,118,024,0018,0130,0000,0000,90,30,29,28,30,243
00151,1330515,91,00:23:00,118,024,0018,0130,0000,0000,90,30,29,28,30,246
00152,1330515,91,00:23:10,118,024,0018,0130,0000,0000,90,30,29,28,30,244
00153,1330515,91,00:23:20,117,024,0018,0129,0000,0000,90,30,29,28,30,241
00154,1330515,91,00:23:30,117,024,0018,0130,0000,0000,90,30,29,28,30,255
00155,1330515,91,00:23:40,117,024,0018,0128,0000,0000,90,30,29,28,30,240
00156,1330515,91,00:23:50,117,023,0018,0129,0000,0000,90,30,28,28,30,245
00157,1330515,91,00:24:00,117,023,0018,0129,0000,0000,90,30,28,28,30,246
00158,1330515,91,00:24:10,117,023,0018,0130,0000,0000,90,30,28,28,30,240
00159,1330515,91,00:24:20,117,023,0018,0128,0000,0000,90,30,28,28,30,251
00160,1330515,91,00:24:30,117,023,0018,0129,0000,0000,90,30,28,28,30,241
00161,1330515,91,00:24:40,117,023,0018,0129,0000,0000,90,30,28,28,30,247
00162,1330515,91,00:24:50,118,023,0018,0130,0000,0000,90,30,28,28,30,242
00163,1330515,91,00:25:00,118,023,0018,0129,0000,0000,90,30,28,28,30,255
00164,1330515,91,00:25:10,117,023,0018,0130,0000,0000,90,30,28,28,30,254
00165,1330515,91,00:25:20,117,023,0018,0129,0000,0000,90,30,28,28,30,244
00166,1330515,91,00:25:30,117,023,0018,0130,0000,0000,90,30,28,28,30,254
00167,1330515,91,00:25:40,117,023,0018,0129,0000,0000,90,30,28,28,30,240
00168,1330515,91,00:25:50,117,023,0018,0130,0000,0000,90,30,28,28,30,246
00169,1330515,91,00:26:00,117,023,0018,0129,0000,0000,90,30,28,28,30,249
00170,1330515,91,00:26:10,117,023,0018,0129,0000,0000,90,30,28,28,30,240
00171,1330515,91,00:26:20,117,023,0018,0129,0000,0000,90,30,28,28,30,242
00172,1330515,91,00:26:30,117,023,0019,0129,0000,0000,90,30,28,28,30,241
00173,1330515,91,00:26:40,117,023,0019,0129,0000,0000,90,30,28,27,30,248
00174,1330515,91,00:26:50,118,023,0019,0128,0000,0000,90,30,28,28,29,247
00175,1330515,91,00:27:00,117,023,0019,0128,0000,0000,90,30,28,28,30,245
00176,1330515,91,00:27:10,117,023,0019,0129,0000,0000,90,30,28,28,30,246
00177,1330515,91,00:27:20,117,023,0019,0128,0000,0000,90,30,28,28,30,245
00178,1330515,91,00:27:30,117,023,0018,0128,0000,0000,90,30,28,28,30,250
00179,1330515,91,00:27:40,117,023,0019,0128,0000,0000,90,30,28,28,30,253
00180,1330515,91,00:27:50,117,023,0019,0128,0000,0000,90,30,28,28,29,242
00181,1330515,91,00:28:00,118,024,0019,0128,0000,0000,90,30,29,28,29,240
00182,1330515,91,00:28:10,117,023,0019,0128,0000,0000,90,30,28,28,30,243
00183,1330515,91,00:28:20,117,023,0019,0128,0000,0000,90,30,28,28,30,241
00184,1330515,91,00:28:30,117,023,0019,0128,0000,0000,90,30,28,28,30,247
00185,1330515,91,00:28:40,117,023,0019,0127,0000,0000,90,30,28,28,30,254
00186,1330515,91,00:28:50,117,023,0019,0127,0000,0000,90,30,28,28,30,252
00187,1330515,91,00:29:00,118,023,0019,0127,0000,0000,90,30,28,28,30,246
00188,1330515,91,00:29:10,117,023,0019,0127,0000,0000,90,30,28,28,30,247
00189,1330515,91,00:29:20,118,023,0019,0128,0000,0000,90,30,28,28,29,253
00190,1330515,91,00:29:30,118,023,0019,0126,0000,0000,90,30,28,28,30,242
00191,1330515,91,00:29:40,118,023,0019,0126,0000,0000,90,30,28,28,30,244
00192,1330515,91,00:29:50,118,023,0019,0126,0000,0000,90,30,28,28,30,246
00193,1330515,91,00:30:00,118,023,0019,0126,0000,0000,90,30,28,28,30,250
00194,1330515,91,00:30:00,128,010,0019,0127,0000,0000,B0,30,12,11,12,135
00195,1330515,91,00:30:00,089,000,0019,0126,0000,0000,B0,30,0,0,0,254
00196,1330515,91,00:30:10,010,040,0019,0127,0000,0000,90,30,5,3,4,128
00197,1330515,91,00:30:20,030,033,0019,0127,0000,0000,90,30,10,7,10,134
00198,1330515,91,00:30:30,052,030,0019,0128,0000,0000,90,30,16,12,17,240
00199,1330515,91,00:30:40,073,027,0019,0128,0000,0000,90,30,20,17,21,246
00200,1330515,91,00:30:50,090,025,0020,0127,0000,0000,90,30,23,20,24,252
00201,1330515,91,00:31:00,102,024,0019,0127,0000,0000,90,30,25,23,26,255
00202,1330515,91,00:31:10,112,023,0020,0127,0000,0000,90,30,26,25,27,245
00203,1330515,91,00:31:20,117,023,0019,0126,0000,0000,90,30,27,25,28,247
00204,1330515,91,00:31:30,120,023,0019,0126,0000,0000,90,30,28,27,29,249
00205,1330515,91,00:31:40,121,023,0019,0126,0000,0000,90,30,28,27,29,254
00206,1330515,91,00:31:50,124,022,0019,0126,0000,0000,90,30,28,28,29,247
00207,1330515,91,00:32:00,124,022,0019,0125,0000,0000,90,30,28,28,29,243
00208,1330515,91,00:32:10,125,023,0019,0125,0000,0000,90,30,29,28,29,252
00209,1330515,91,00:32:20,126,023,0020,0125,0000,0000,90,30,29,29,30,254
00210,1330515,91,00:32:30,127,022,0019,0125,0000,0000,90,30,29,29,30,253
00211,1330515,91,00:32:40,127,022,0020,0125,0000,0000,90,30,29,29,30,241
00212,1330515,91,00:32:50,127,022,0019,0123,0000,0000,90,30,29,29,30,255
00213,1330515,91,00:33:00,126,023,0019,0124,0000,0000,90,30,29,29,30,253
00214,1330515,91,00:33:10,125,023,0020,0124,0000,0000,90,30,29,29,30,242
00215,1330515,91,00:33:20,126,023,0019,0124,0000,0000,90,30,29,29,30,249
00216,1330515,91,00:33:30,127,022,0020,0124,0000,0000,90,30,29,29,30,241
00217,1330515,91,00:33:40,126,023,0020,0124,0000,0000,90,30,29,29,30,247
00218,1330515,91,00:33:50,125,023,0019,0124,0000,0000,90,30,29,29,30,240
00219,1330515,91,00:34:00,126,023,0020,0124,0000,0000,90,30,29,29,30,250
00220,1330515,91,00:34:10,126,023,0019,0123,0000,0000,90,30,29,29,30,252
00221,1330515,91,00:34:20,125,023,0020,0123,0000,0000,90,30,29,29,30,247
00222,1330515,91,00:34:30,126,023,0020,0122,0000,0000,90,30,29,29,30,247
00223,1330515,91,00:34:40,126,023,0019,0123,0000,0000,90,30,29,29,30,250
00224,1330515,91,00:34:50,125,023,0020,0123,0000,0000,90,30,29,29,30,245
00225,1330515,91,00:35:00,126,023,0020,0123,0000,0000,90,30,29,29,30,243
00226,1330515,91,00:35:10,125,023,0020,0123,0000,0000,90,30,29,29,30,242
00227,1330515,91,00:35:20,126,023,0020,0123,0000,0000,90,30,29,29,30,243
00228,1330515,91,00:35:30,125,023,0020,0123,0000,0000,90,30,29,29,30,254
00229,1330515,91,00:35:40,126,023,0020,0122,0000,0000,90,30,29,29,30,250
00230,1330515,91,00:35:50,125,023,0020,0122,0000,0000,90,30,29,29,30,240
00231,1330515,91,00:36:00,126,023,0020,0123,0000,0000,90,30,29,29,30,245
00232,1330515,91,00:36:10,125,023,0020,0121,0000,0000,90,30,29,29,30,246
00233,1330515,91,00:36:20,126,023,0020,0122,0000,0000,90,30,29,29,30,244
00234,1330515,91,00:36:30,125,023,0020,0121,0000,0000,90,30,29,29,30,242
00235,1330515,91,00:36:40,126,023,0020,0121,0000,0000,90,30,29,29,30,247
00236,1330515,91,00:36:50,125,023,0020,0122,0000,0000,90,30,29,29,30,245
00237,1330515,91,00:37:00,126,023,0020,0122,0000,0000,90,30,29,29,30,243
00238,1330515,91,00:37:10,125,023,0020,0121,0000,0000,90,30,29,29,30,253
00239,1330515,91,00:37:20,126,023,0020,0122,0000,0000,90,30,29,29,30,255
00240,1330515,91,00:37:30,125,023,0020,0121,0000,0000,90,30,29,29,30,240
00241,1330515,91,00:37:40,126,023,0020,0121,0000,0000,90,30,29,29,30,245
00242,1330515,91,00:37:50,125,023,0020,0121,0000,0000,90,30,29,29,30,244
00243,1330515,91,00:38:00,126,023,0020,0120,0000,0000,90,30,29,29,30,253
00244,1330515,91,00:38:10,125,023,0020,0120,0000,0000,90,30,29,29,30,248
00245,1330515,91,00:38:20,126,023,0020,0120,0000,0000,90,30,29,29,30,249
00246,1330515,91,00:38:30,125,023,0020,0121,0000,0000,90,30,29,29,30,249
00247,1330515,91,00:38:40,126,023,0020,0121,0000,0000,90,30,29,29,30,252
00248,1330515,91,00:38:50,125,023,0020,0120,0000,0000,90,30,29,29,30,240
00249,1330515,91,00:39:00,125,023,0020,0120,0000,0000,90,30,29,29,30,245
00250,1330515,91,00:39:10,125,023,0020,0121,0000,0000,90,30,29,29,30,253
00251,1330515,91,00:39:20,125,023,0020,0120,0000,0000,90,30,29,29,30,254
00252,1330515,91,00:39:30,126,023,0021,0120,0000,0000,90,30,29,29,30,254
00253,1330515,91,00:39:40,125,023,0020,0120,0000,0000,90,30,29,29,30,250
00254,1330515,91,00:39:50,126,023,0020,0120,0000,0000,90,30,29,29,30,255
00255,1330515,91,00:40:00,125,023,0020,0120,0000,0000,90,30,29,29,30,246
00256,1330515,91,00:40:00,137,000,0020,0119,0000,0000,B0,30,0,0,0,247
00257,1330515,91,00:40:10,002,100,0020,0120,0000,0000,90,30,2,0,2,128
00258,1330515,91,00:40:20,018,038,0020,0121,0000,0000,90,30,7,5,7,137
00259,1330515,91,00:40:30,042,030,0020,0121,0000,0000,90,30,13,9,13,133
00260,1330515,91,00:40:40,066,027,0021,0122,0000,0000,90,30,18,15,19,243
00261,1330515,91,00:40:50,084,025,0021,0120,0000,0000,90,30,21,19,23,240
00262,1330515,91,00:41:00,100,024,0021,0121,0000,0000,90,30,24,22,25,241
00263,1330515,91,00:41:10,110,023,0020,0120,0000,0000,90,30,26,24,27,241
00264,1330515,91,00:41:20,117,023,0020,0121,0000,0000,90,30,27,25,28,252
00265,1330515,91,00:41:30,120,023,0021,0121,0000,0000,90,30,28,27,29,245
00266,1330515,91,00:41:40,125,022,0021,0120,0000,0000,90,30,28,27,28,245
00267,1330515,91,00:41:50,126,022,0020,0119,0000,0000,90,30,28,28,29,243
00268,1330515,91,00:42:00,127,022,0021,0119,0000,0000,90,30,29,28,30,243
00269,1330515,91,00:42:10,126,023,0021,0118,0000,0000,90,30,29,28,30,242
00270,1330515,91,00:42:20,125,023,0020,0118,0000,0000,90,30,29,28,30,251
00271,1330515,91,00:42:30,126,023,0021,0118,0000,0000,90,30,29,28,30,249
00272,1330515,91,00:42:40,126,023,0020,0118,0000,0000,90,30,29,28,30,252
00273,1330515,91,00:42:50,124,022,0020,0117,0000,0000,90,30,28,28,30,241
00274,1330515,91,00:43:00,128,021,0020,0117,0000,0000,90,30,28,27,29,250
00275,1330515,91,00:43:10,127,022,0020,0116,0000,0000,90,30,29,28,29,249
00276,1330515,91,00:43:20,127,022,0020,0115,0000,0000,90,30,29,28,30,242
00277,1330515,91,00:43:30,127,022,0019,0114,0000,0000,90,30,29,28,30,249
00278,1330515,91,00:43:40,127,022,0020,0114,0000,0000,90,30,29,29,30,250
00279,1330515,91,00:43:50,127,022,0019,0112,0000,0000,90,30,29,29,30,246
00280,1330515,91,00:44:00,127,022,0019,0112,0000,0000,90,30,29,28,30,243
00281,1330515,91,00:44:10,126,023,0020,0112,0000,0000,90,30,29,28,30,249
00282,1330515,91,00:44:20,126,023,0019,0112,0000,0000,90,30,29,28,30,243
00283,1330515,91,00:44:30,126,023,0019,0111,0000,0000,90,30,29,28,30,240
00284,1330515,91,00:44:40,126,023,0020,0111,0000,0000,90,30,29,27,30,245
00285,1330515,91,00:44:40,131,010,0019,0110,0000,0000,B0,30,13,12,13,140
00286,1330515,91,00:44:40,088,000,0019,0110,0000,0000,B0,30,0,0,0,252
00287,1330515,91,00:44:50,010,050,0019,0112,0000,0000,90,30,5,3,4,131
00288,1330515,91,00:45:00,029,034,0019,0112,0000,0000,90,30,10,7,10,130
00289,1330515,91,00:45:10,052,028,0019,0112,0000,0000,90,30,15,12,17,240
00290,1330515,91,00:45:20,073,026,0020,0112,0000,0000,90,30,19,15,21,242
00291,1330515,91,00:45:30,091,024,0020,0112,0000,0000,90,30,22,19,24,253
00292,1330515,91,00:45:40,102,023,0020,0111,0000,0000,90,30,24,21,26,249
00293,1330515,91,00:45:50,115,021,0021,0111,0000,0000,90,30,25,23,27,254
00294,1330515,91,00:46:00,122,022,0020,0111,0000,0000,90,30,27,25,27,253
00295,1330515,91,00:46:10,126,021,0019,0111,0000,0000,90,30,27,26,28,252
00296,1330515,91,00:46:20,127,022,0019,0110,0000,0000,90,30,29,28,29,254
00297,1330515,91,00:46:30,126,023,0019,0110,0000,0000,90,30,29,28,30,246
00298,1330515,91,00:46:40,126,022,0019,0110,0000,0000,90,30,28,27,29,249
00299,1330515,91,00:46:50,124,022,0018,0108,0000,0000,90,30,28,27,30,251
00300,1330515,91,00:47:00,125,022,0019,0107,0000,0000,90,30,28,27,29,249
00301,1330515,91,00:47:10,125,022,0019,0108,0000,0000,90,30,28,26,30,255
00302,1330515,91,00:47:20,126,022,0019,0107,0000,0000,90,30,28,26,29,251
00303,1330515,91,00:47:30,127,022,0019,0108,0000,0000,90,30,28,27,30,252
00304,1330515,91,00:47:40,128,022,0018,0107,0000,0000,90,30,29,28,29,251
00305,1330515,91,00:47:50,128,022,0018,0107,0000,0000,90,30,29,28,29,251
00306,1330515,91,00:48:00,127,022,0018,0107,0000,0000,90,30,29,27,30,250
00307,1330515,91,00:48:00,134,008,0018,0107,0000,0000,B0,30,12,11,12,135
00308,1330515,91,00:48:10,000,000,0018,0106,0000,0000,90,30,0,0,0,143
00309,1330515,91,00:48:20,011,045,0018,0109,0000,0000,90,30,5,2,5,129
00310,1330515,91,00:48:30,032,031,0017,0109,0000,0000,90,30,10,7,10,135
00311,1330515,91,00:48:40,058,025,0018,0110,0000,0000,90,30,15,12,17,252
00312,1330515,91,00:48:50,080,025,0018,0109,0000,0000,90,30,20,17,21,245
00313,1330515,91,00:49:00,097,022,0018,0108,0000,0000,90,30,22,20,24,243
00314,1330515,91,00:49:10,109,022,0018,0108,0000,0000,90,30,25,23,26,245
00315,1330515,91,00:49:20,114,021,0017,0107,0000,0000,90,30,26,24,28,242
00316,1330515,91,00:49:30,123,021,0018,0106,0000,0000,90,30,27,26,28,249
00317,1330515,91,00:49:40,126,021,0017,0106,0000,0000,90,30,28,27,28,251
00318,1330515,91,00:49:50,128,021,0018,0105,0000,0000,90,30,28,28,29,249
00319,1330515,91,00:50:00,129,022,0018,0105,0000,0000,90,30,29,28,29,246
00320,1330515,91,00:50:10,129,022,0017,0105,0000,0000,90,30,29,28,30,250
00321,1330515,91,00:50:20,129,022,0017,0104,0000,0000,90,30,29,29,30,248
00322,1330515,91,00:50:30,129,022,0017,0106,0000,0000,90,30,29,29,30,248
00323,1330515,91,00:50:40,129,022,0017,0105,0000,0000,90,30,29,29,30,253
00324,1330515,91,00:50:50,129,022,0017,0104,0000,0000,90,30,29,29,30,250
00325,1330515,91,00:51:00,129,022,0017,0103,0000,0000,90,30,29,29,30,248
00326,1330515,91,00:51:10,129,022,0018,0104,0000,0000,90,30,29,29,30,242
00327,1330515,91,00:51:20,129,022,0017,0104,0000,0000,90,30,29,29,30,255
00328,1330515,91,00:51:30,129,022,0018,0105,0000,0000,90,30,29,29,30,255
00329,1330515,91,00:51:40,129,022,0018,0104,0000,0000,90,30,29,29,30,248
00330,1330515,91,00:51:50,129,022,0018,0104,0000,0000,90,30,29,29,30,241
00331,1330515,91,00:52:00,129,022,0018,0104,0000,0000,90,30,29,29,30,246
00332,1330515,91,00:52:10,126,023,0018,0105,0000,0000,90,30,29,28,30,250
00333,1330515,91,00:52:20,126,023,0018,0104,0000,0000,90,30,29,28,30,249
00334,1330515,91,00:52:30,126,023,0018,0105,0000,0000,90,30,29,28,30,254
00335,1330515,91,00:52:40,126,023,0017,0104,0000,0000,90,30,29,28,30,246
00336,1330515,91,00:52:50,126,023,0018,0105,0000,0000,90,30,29,28,30,250
00337,1330515,91,00:53:00,126,023,0017,0104,0000,0000,90,30,29,28,30,241
00338,1330515,91,00:53:10,126,023,0018,0104,0000,0000,90,30,29,28,30,240
00339,1330515,91,00:53:20,126,023,0018,0104,0000,0000,90,30,29,28,30,242
00340,1330515,91,00:53:30,126,023,0018,0104,0000,0000,90,30,29,28,30,253
00341,1330515,91,00:53:40,126,023,0017,0104,0000,0000,90,30,29,28,30,244
00342,1330515,91,00:53:50,126,023,0018,0105,0000,0000,90,30,29,28,30,248
00343,1330515,91,00:54:00,126,023,0018,0104,0000,0000,90,30,29,28,30,250
00344,1330515,91,00:54:10,127,022,0018,0104,0000,0000,90,30,29,28,30,252
00345,1330515,91,00:54:20,126,023,0018,0104,0000,0000,90,30,29,28,30,254
00346,1330515,91,00:54:30,126,023,0018,0104,0000,0000,90,30,29,28,30,252
00347,1330515,91,00:54:40,127,022,0018,0104,0000,0000,90,30,29,28,30,250
00348,1330515,91,00:54:50,127,022,0018,0104,0000,0000,90,30,29,28,30,244
00349,1330515,91,00:55:00,126,023,0018,0104,0000,0000,90,30,29,28,30,241
00350,1330515,91,00:55:10,126,023,0018,0104,0000,0000,90,30,29,28,30,248
00351,1330515,91,00:55:20,126,023,0017,0104,0000,0000,90,30,29,28,30,245
00352,1330515,91,00:55:30,127,022,0017,0104,0000,0000,90,30,29,29,30,246
00353,1330515,91,00:55:40,127,022,0018,0104,0000,0000,90,30,29,28,30,254
00354,1330515,91,00:55:50,127,022,0018,0104,0000,0000,90,30,29,28,30,248
00355,1330515,91,00:56:00,127,022,0018,0103,0000,0000,90,30,29,28,30,248
00356,1330515,91,00:56:10,127,022,0018,0103,0000,0000,90,30,29,28,30,250
00357,1330515,91,00:56:20,127,022,0018,0103,0000,0000,90,30,29,28,30,248
00358,1330515,91,00:56:30,127,022,0018,0103,0000,0000,90,30,29,28,30,246
00359,1330515,91,00:56:40,127,022,0018,0103,0000,0000,90,30,29,28,30,240
00360,1330515,91,00:56:50,127,022,0018,0103,0000,0000,90,30,29,28,30,251
00361,1330515,91,00:57:00,127,022,0018,0103,0000,0000,90,30,29,28,30,254
00362,1330515,91,00:57:10,127,022,0018,0103,0000,0000,90,30,29,28,30,252
00363,1330515,91,00:57:20,127,022,0018,0103,0000,0000,90,30,29,28,30,254
00364,1330515,91,00:57:30,127,022,0018,0102,0000,0000,90,30,29,28,30,249
00365,1330515,91,00:57:40,127,022,0018,0102,0000,0000,90,30,29,28,30,255
00366,1330515,91,00:57:50,125,023,0018,0103,0000,0000,90,30,29,28,30,255
00367,1330515,91,00:58:00,126,023,0018,0102,0000,0000,90,30,29,28,30,246
00368,1330515,91,00:58:00,126,022,0018,0102,0000,0000,B0,30,27,26,27,133
00369,1330515,91,00:58:00,137,000,0018,0102,0000,0000,B0,30,0,0,0,242
00370,1330515,91,00:58:10,004,050,0018,0103,0000,0000,90,30,2,1,2,132
00371,1330515,91,00:58:20,021,033,0018,0104,0000,0000,90,30,7,5,7,135
00372,1330515,91,00:58:30,046,028,0018,0105,0000,0000,90,30,13,9,14,131
00373,1330515,91,00:58:40,069,026,0018,0105,0000,0000,90,30,18,15,19,248
00374,1330515,91,00:58:50,088,023,0018,0104,0000,0000,90,30,21,18,23,251
00375,1330515,91,00:59:00,102,022,0018,0104,0000,0000,90,30,23,21,25,242
00376,1330515,91,00:59:10,110,023,0018,0103,0000,0000,90,30,26,24,27,247
00377,1330515,91,00:59:20,115,023,0018,0103,0000,0000,90,30,27,26,28,252
00378,1330515,91,00:59:30,112,025,0018,0103,0000,0000,90,30,28,27,29,252
00379,1330515,91,00:59:40,112,025,0018,0102,0000,0000,90,30,28,27,30,243
00380,1330515,91,00:59:50,104,027,0018,0102,0000,0000,90,30,29,28,31,254
00381,1330515,91,01:00:00,094,031,0018,0102,0000,0000,90,30,30,28,32,243
00382,1330515,91,01:00:10,085,035,0018,0102,0000,0000,90,30,29,28,32,253
00383,1330515,91,01:00:20,079,036,0018,0102,0000,0000,90,30,29,27,31,243
00384,1330515,91,01:00:30,074,039,0018,0102,0000,0000,90,30,29,26,31,246
00385,1330515,91,01:00:40,070,040,0018,0102,0000,0000,90,30,28,26,31,251
00386,1330515,91,01:00:50,066,043,0018,0103,0000,0000,90,30,29,26,31,253
00387,1330515,91,01:01:00,062,045,0018,0104,0000,0000,90,30,28,26,30,253
00388,1330515,91,01:01:10,061,045,0018,0103,0000,0000,90,30,28,26,30,247
00389,1330515,91,01:01:20,059,047,0018,0103,0000,0000,90,30,28,26,30,252
00390,1330515,91,01:01:30,055,052,0018,0103,0000,0000,90,30,29,27,31,252
00391,1330515,91,01:01:40,054,051,0018,0104,0000,0000,90,30,28,27,30,255
00392,1330515,91,01:01:50,051,054,0018,0104,0000,0000,90,30,28,26,30,252
00393,1330515,91,01:02:00,052,051,0018,0103,0000,0000,90,30,27,25,29,254
00394,1330515,91,01:02:10,054,050,0018,0104,0000,0000,90,30,27,25,29,248
00395,1330515,91,01:02:20,052,053,0018,0103,0000,0000,90,30,28,25,29,247
00396,1330515,91,01:02:30,052,053,0018,0104,0000,0000,90,30,28,26,30,249
00397,1330515,91,01:02:40,053,050,0018,0104,0000,0000,90,30,27,25,29,249
00398,1330515,91,01:02:50,054,050,0018,0104,0000,0000,90,30,27,25,29,240
00399,1330515,91,01:03:00,056,048,0018,0104,0000,0000,90,30,27,25,29,254
00400,1330515,91,01:03:10,060,043,0018,0104,0000,0000,90,30,26,24,28,247
00401,1330515,91,01:03:20,066,039,0018,0104,0000,0000,90,30,26,24,28,254
00402,1330515,91,01:03:30,071,036,0018,0103,0000,0000,90,30,26,23,28,245
00403,1330515,91,01:03:40,078,033,0018,0103,0000,0000,90,30,26,24,28,248
00404,1330515,91,01:03:50,081,032,0018,0103,0000,0000,90,30,26,24,28,249
00405,1330515,91,01:04:00,086,030,0018,0102,0000,0000,90,30,26,24,28,254
00406,1330515,91,01:04:10,090,030,0018,0101,0000,0000,90,30,27,25,29,249
00407,1330515,91,01:04:20,092,029,0018,0101,0000,0000,90,30,27,25,29,241
00408,1330515,91,01:04:30,097,027,0018,0101,0000,0000,90,30,27,25,28,245
00409,1330515,91,01:04:40,098,027,0018,0101,0000,0000,90,30,27,25,29,253
00410,1330515,91,01:04:50,101,026,0018,0101,0000,0000,90,30,27,26,29,247
00411,1330515,91,01:05:00,104,025,0018,0099,0000,0000,90,30,27,25,29,247
00412,1330515,91,01:05:10,107,025,0018,0098,0000,0000,90,30,27,25,29,247
00413,1330515,91,01:05:20,107,025,0017,0099,0000,0000,90,30,27,26,29,248
00414,1330515,91,01:05:30,111,025,0018,0099,0000,0000,90,30,28,26,29,249
00415,1330515,91,01:05:40,111,024,0018,0099,0000,0000,90,30,27,26,29,241
00416,1330515,91,01:05:50,113,023,0018,0098,0000,0000,90,30,27,26,29,247
00417,1330515,91,01:06:00,113,024,0018,0097,0000,0000,90,30,28,27,30,254
00418,1330515,91,01:06:10,107,027,0018,0098,0000,0000,90,30,29,27,31,249
00419,1330515,91,01:06:20,105,026,0018,0098,0000,0000,90,30,28,26,30,249
00420,1330515,91,01:06:30,106,025,0018,0098,0000,0000,90,30,27,26,29,245
00421,1330515,91,01:06:40,109,025,0018,0098,0000,0000,90,30,28,26,29,243
00422,1330515,91,01:06:50,108,025,0018,0098,0000,0000,90,30,28,27,30,249
00423,1330515,91,01:07:00,107,026,0018,0098,0000,0000,90,30,28,27,30,240
00424,1330515,91,01:07:10,107,026,0018,0097,0000,0000,90,30,28,26,29,240
00425,1330515,91,01:07:20,109,025,0018,0097,0000,0000,90,30,28,26,30,247
00426,1330515,91,01:07:30,109,025,0018,0096,0000,0000,90,30,28,27,30,245
00427,1330515,91,01:07:40,108,025,0018,0096,0000,0000,90,30,27,26,29,244
00428,1330515,91,01:07:50,113,023,0018,0096,0000,0000,90,30,27,26,29,246
00429,1330515,91,01:08:00,118,022,0018,0096,0000,0000,90,30,27,26,28,246
00430,1330515,91,01:08:00,128,009,0018,0096,0000,0000,B0,30,12,11,12,132
00431,1330515,91,01:08:10,000,000,0018,0096,0000,0000,90,30,0,0,0,143
00432,1330515,91,01:08:20,010,040,0018,0097,0000,0000,90,30,4,2,4,137
00433,1330515,91,01:08:30,033,030,0018,0100,0000,0000,90,30,10,6,10,131
00434,1330515,91,01:08:40,060,025,0018,0099,0000,0000,90,30,15,12,17,242
00435,1330515,91,01:08:50,080,023,0018,0099,0000,0000,90,30,19,16,21,247
00436,1330515,91,01:09:00,096,022,0018,0098,0000,0000,90,30,22,20,24,255
00437,1330515,91,01:09:10,110,022,0018,0097,0000,0000,90,30,25,22,26,248
00438,1330515,91,01:09:20,118,022,0018,0097,0000,0000,90,30,26,24,27,248
00439,1330515,91,01:09:30,126,021,0018,0096,0000,0000,90,30,27,25,28,248
00440,1330515,91,01:09:40,129,021,0018,0096,0000,0000,90,30,28,27,29,242
00441,1330515,91,01:09:50,127,022,0018,0095,0000,0000,90,30,29,28,30,250
00442,1330515,91,01:10:00,121,023,0018,0095,0000,0000,90,30,29,27,30,252
00443,1330515,91,01:10:10,116,025,0018,0096,0000,0000,90,30,30,28,31,251
00444,1330515,91,01:10:20,109,027,0018,0095,0000,0000,90,30,30,28,31,240
00445,1330515,91,01:10:30,096,031,0018,0095,0000,0000,90,30,30,28,32,243
00446,1330515,91,01:10:40,090,032,0018,0095,0000,0000,90,30,29,28,31,249
00447,1330515,91,01:10:50,082,035,0018,0096,0000,0000,90,30,29,27,31,241
00448,1330515,91,01:11:00,078,037,0018,0096,0000,0000,90,30,29,26,31,252
00449,1330515,91,01:11:10,075,038,0018,0096,0000,0000,90,30,29,26,31,254
00450,1330515,91,01:11:20,073,038,0018,0097,0000,0000,90,30,28,26,30,242
00451,1330515,91,01:11:30,074,036,0018,0097,0000,0000,90,30,27,25,29,255
00452,1330515,91,01:11:40,079,032,0018,0097,0000,0000,90,30,26,24,28,243
00453,1330515,91,01:11:50,086,030,0018,0097,0000,0000,90,30,26,23,28,246
00454,1330515,91,01:12:00,091,027,0018,0096,0000,0000,90,30,25,23,28,245
00455,1330515,91,01:12:10,102,024,0018,0096,0000,0000,90,30,25,23,27,242
00456,1330515,91,01:12:20,114,021,0018,0095,0000,0000,90,30,25,23,26,242
00457,1330515,91,01:12:30,127,020,0018,0095,0000,0000,90,30,26,24,27,246
00458,1330515,91,01:12:40,133,018,0018,0093,0000,0000,90,30,25,24,26,244
00459,1330515,91,01:12:50,133,017,0018,0094,0000,0000,90,30,23,23,24,255
00460,1330515,91,01:13:00,133,016,0018,0093,0000,0000,90,30,22,22,24,247
00461,1330515,91,01:13:10,133,016,0018,0094,0000,0000,90,30,22,21,23,244
00462,1330515,91,01:13:20,133,015,0018,0093,0000,0000,90,30,21,21,22,242
00463,1330515,91,01:13:30,133,015,0018,0092,0000,0000,90,30,21,21,23,242
00464,1330515,91,01:13:40,133,015,0018,0092,0000,0000,90,30,21,20,22,242
00465,1330515,91,01:13:50,133,015,0018,0093,0000,0000,90,30,21,20,22,243
00466,1330515,91,01:14:00,133,015,0018,0092,0000,0000,90,30,21,21,22,242
00467,1330515,91,01:14:10,133,015,0018,0093,0000,0000,90,30,21,21,23,242
00468,1330515,91,01:14:20,133,015,0018,0093,0000,0000,90,30,21,20,22,254
00469,1330515,91,01:14:30,133,015,0018,0093,0000,0000,90,30,21,20,22,254
00470,1330515,91,01:14:40,133,016,0018,0093,0000,0000,90,30,22,20,23,240
00471,1330515,91,01:14:50,133,015,0018,0092,0000,0000,90,30,21,20,22,240
00472,1330515,91,01:15:00,133,015,0018,0092,0000,0000,90,30,21,20,22,247
00473,1330515,91,01:15:10,133,015,0018,0092,0000,0000,90,30,21,20,22,247
00474,1330515,91,01:15:20,133,015,0018,0092,0000,0000,90,30,21,20,22,243
00475,1330515,91,01:15:30,132,015,0018,0092,0000,0000,90,30,21,20,23,243
00476,1330515,91,01:15:40,132,015,0018,0092,0000,0000,90,30,21,20,22,246
00477,1330515,91,01:15:50,132,015,0018,0092,0000,0000,90,30,21,20,22,246
00478,1330515,91,01:16:00,132,016,0018,0092,0000,0000,90,30,22,21,23,255
00479,1330515,91,01:16:10,132,017,0018,0092,0000,0000,90,30,23,22,24,251
00480,1330515,91,01:16:20,132,017,0018,0091,0000,0000,90,30,23,22,25,252
00481,1330515,91,01:16:30,132,018,0018,0091,0000,0000,90,30,25,23,25,244
00482,1330515,91,01:16:40,132,019,0018,0091,0000,0000,90,30,26,24,27,247
00483,1330515,91,01:16:50,132,019,0018,0091,0000,0000,90,30,26,25,28,249
00484,1330515,91,01:17:00,132,019,0017,0091,0000,0000,90,30,26,25,27,250
00485,1330515,91,01:17:10,132,019,0018,0091,0000,0000,90,30,26,25,27,245
00486,1330515,91,01:17:20,132,019,0018,0092,0000,0000,90,30,26,24,27,247
00487,1330515,91,01:17:30,132,018,0017,0090,0000,0000,90,30,25,24,27,248
00488,1330515,91,01:17:40,132,019,0018,0091,0000,0000,90,30,26,24,27,252
00489,1330515,91,01:17:50,132,019,0018,0091,0000,0000,90,30,26,25,27,253
00490,1330515,91,01:18:00,132,019,0018,0090,0000,0000,90,30,26,25,27,254
00491,1330515,91,01:18:00,132,018,0018,0091,0000,0000,B0,30,24,22,25,131
00492,1330515,91,01:18:00,135,000,0018,0091,0000,0000,B0,30,0,0,0,253
00493,1330515,91,01:18:10,005,000,0018,0091,0000,0000,90,30,0,0,0,132
00494,1330515,91,01:18:20,024,020,0018,0093,0000,0000,90,30,5,2,6,130
00495,1330515,91,01:18:30,052,023,0018,0094,0000,0000,90,30,12,7,13,135
00496,1330515,91,01:18:40,077,022,0018,0093,0000,0000,90,30,17,13,19,253
00497,1330515,91,01:18:50,097,022,0018,0092,0000,0000,90,30,22,18,24,241
00498,1330515,91,01:19:00,107,022,0018,0092,0000,0000,90,30,24,21,26,252
00499,1330515,91,01:19:10,116,022,0018,0091,0000,0000,90,30,26,23,27,254
00500,1330515,91,01:19:20,121,022,0018,0091,0000,0000,90,30,27,25,28,240
00501,1330515,91,01:19:30,125,021,0018,0091,0000,0000,90,30,27,25,28,247
00502,1330515,91,01:19:40,126,022,0018,0090,0000,0000,90,30,28,27,29,254
00503,1330515,91,01:19:50,128,021,0018,0090,0000,0000,90,30,27,26,29,253
00504,1330515,91,01:20:00,131,020,0018,0089,0000,0000,90,30,27,26,29,244
00505,1330515,91,01:20:10,133,020,0018,0090,0000,0000,90,30,27,26,28,255
00506,1330515,91,01:20:20,133,020,0018,0089,0000,0000,90,30,27,26,28,247
00507,1330515,91,01:20:30,132,020,0018,0090,0000,0000,90,30,27,26,28,254
00508,1330515,91,01:20:40,132,020,0018,0090,0000,0000,90,30,27,26,28,246
00509,1330515,91,01:20:50,132,019,0018,0089,0000,0000,90,30,26,25,28,246
00510,1330515,91,01:21:00,132,020,0018,0089,0000,0000,90,30,27,25,28,241
00511,1330515,91,01:21:10,132,020,0018,0089,0000,0000,90,30,27,25,28,241
00512,1330515,91,01:21:20,132,019,0018,0088,0000,0000,90,30,26,26,28,248
00513,1330515,91,01:21:30,132,019,0017,0089,0000,0000,90,30,26,25,27,250
00514,1330515,91,01:21:40,132,019,0018,0089,0000,0000,90,30,26,25,27,245
00515,1330515,91,01:21:50,132,019,0018,0089,0000,0000,90,30,26,25,27,245
00516,1330515,91,01:22:00,132,019,0017,0089,0000,0000,90,30,26,25,27,255
00517,1330515,91,01:22:10,132,019,0018,0089,0000,0000,90,30,26,25,27,240
00518,1330515,91,01:22:20,132,019,0018,0088,0000,0000,90,30,26,25,28,242
00519,1330515,91,01:22:30,132,020,0017,0089,0000,0000,90,30,27,26,28,244
00520,1330515,91,01:22:40,132,020,0018,0089,0000,0000,90,30,27,26,28,246
00521,1330515,91,01:22:50,132,021,0018,0088,0000,0000,90,30,28,26,29,248
00522,1330515,91,01:23:00,131,022,0018,0089,0000,0000,90,30,29,28,30,249
00523,1330515,91,01:23:10,125,024,0018,0088,0000,0000,90,30,30,28,31,242
00524,1330515,91,01:23:20,121,023,0017,0088,0000,0000,90,30,29,28,31,242
00525,1330515,91,01:23:30,114,025,0018,0088,0000,0000,90,30,29,28,31,253
00526,1330515,91,01:23:40,110,026,0018,0088,0000,0000,90,30,29,27,31,241
00527,1330515,91,01:23:50,102,028,0017,0089,0000,0000,90,30,29,27,31,242
00528,1330515,91,01:24:00,098,028,0018,0089,0000,0000,90,30,28,26,31,242
00529,1330515,91,01:24:10,096,029,0018,0089,0000,0000,90,30,28,25,30,255
00530,1330515,91,01:24:20,094,029,0018,0089,0000,0000,90,30,27,26,30,250
00531,1330515,91,01:24:30,093,029,0018,0089,0000,0000,90,30,27,25,30,254
00532,1330515,91,01:24:40,094,028,0018,0089,0000,0000,90,30,27,25,30,252
00533,1330515,91,01:24:50,094,028,0018,0089,0000,0000,90,30,27,25,29,244
00534,1330515,91,01:25:00,095,028,0018,0089,0000,0000,90,30,27,24,29,247
00535,1330515,91,01:25:10,098,027,0018,0089,0000,0000,90,30,27,25,29,244
00536,1330515,91,01:25:20,099,027,0018,0089,0000,0000,90,30,27,25,29,245
00537,1330515,91,01:25:30,099,027,0018,0088,0000,0000,90,30,27,25,29,244
00538,1330515,91,01:25:40,099,027,0018,0089,0000,0000,90,30,27,25,29,253
00539,1330515,91,01:25:50,098,028,0018,0089,0000,0000,90,30,28,25,30,244
00540,1330515,91,01:26:00,098,027,0018,0088,0000,0000,90,30,27,25,30,253
00541,1330515,91,01:26:10,100,027,0018,0089,0000,0000,90,30,27,25,29,244
00542,1330515,91,01:26:20,105,024,0018,0088,0000,0000,90,30,26,24,28,242
00543,1330515,91,01:26:30,111,024,0018,0087,0000,0000,90,30,27,25,29,249
00544,1330515,91,01:26:40,114,023,0018,0087,0000,0000,90,30,27,25,28,250
00545,1330515,91,01:26:50,117,023,0018,0087,0000,0000,90,30,27,26,29,251
00546,1330515,91,01:27:00,118,023,0018,0087,0000,0000,90,30,28,27,29,253
00547,1330515,91,01:27:10,117,023,0018,0087,0000,0000,90,30,28,27,30,250
00548,1330515,91,01:27:20,116,024,0018,0087,0000,0000,90,30,28,27,30,240
00549,1330515,91,01:27:30,112,025,0018,0087,0000,0000,90,30,28,27,30,245
00550,1330515,91,01:27:40,108,026,0018,0087,0000,0000,90,30,29,27,31,242
00551,1330515,91,01:27:50,102,027,0018,0087,0000,0000,90,30,28,26,31,249
00552,1330515,91,01:28:00,098,028,0018,0087,0000,0000,90,30,28,26,30,252
00553,1330515,91,01:28:00,115,012,0018,0087,0000,0000,B0,30,13,10,12,134
00554,1330515,91,01:28:10,000,000,0018,0087,0000,0000,90,30,0,0,0,143
00555,1330515,91,01:28:20,007,114,0018,0087,0000,0000,90,30,8,5,8,139
00556,1330515,91,01:28:30,021,057,0018,0090,0000,0000,90,30,12,9,13,135
00557,1330515,91,01:28:40,040,040,0018,0091,0000,0000,90,30,16,12,17,254
00558,1330515,91,01:28:50,055,036,0018,0091,0000,0000,90,30,20,16,22,242
00559,1330515,91,01:29:00,067,032,0018,0090,0000,0000,90,30,22,19,25,249
00560,1330515,91,01:29:10,074,032,0018,0090,0000,0000,90,30,24,21,26,254
00561,1330515,91,01:29:20,083,028,0018,0089,0000,0000,90,30,24,22,27,245
00562,1330515,91,01:29:30,090,027,0017,0088,0000,0000,90,30,26,22,27,246
00563,1330515,91,01:29:40,094,026,0018,0089,0000,0000,90,30,25,23,28,246
00564,1330515,91,01:29:50,102,025,0017,0089,0000,0000,90,30,26,23,28,241
00565,1330515,91,01:30:00,112,023,0018,0088,0000,0000,90,30,26,24,27,252
00566,1330515,91,01:30:10,119,022,0017,0087,0000,0000,90,30,27,25,28,251
00567,1330515,91,01:30:20,122,022,0018,0087,0000,0000,90,30,27,25,28,254
00568,1330515,91,01:30:30,127,022,0018,0086,0000,0000,90,30,28,26,29,249
00569,1330515,91,01:30:40,127,022,0018,0086,0000,0000,90,30,28,27,29,254
00570,1330515,91,01:30:50,126,023,0018,0086,0000,0000,90,30,29,27,30,254
00571,1330515,91,01:31:00,124,023,0018,0086,0000,0000,90,30,29,27,30,249
00572,1330515,91,01:31:10,121,023,0018,0086,0000,0000,90,30,29,27,30,254
00573,1330515,91,01:31:20,120,024,0018,0085,0000,0000,90,30,29,27,30,249
00574,1330515,91,01:31:30,114,025,0018,0085,0000,0000,90,30,29,27,30,249
00575,1330515,91,01:31:40,112,025,0018,0085,0000,0000,90,30,28,26,30,249
00576,1330515,91,01:31:50,113,024,0018,0085,0000,0000,90,30,28,26,30,251
00577,1330515,91,01:32:00,114,024,0018,0086,0000,0000,90,30,28,26,29,240
00578,1330515,91,01:32:10,116,024,0018,0086,0000,0000,90,30,28,26,29,252
00579,1330515,91,01:32:20,119,022,0018,0086,0000,0000,90,30,27,26,29,248
00580,1330515,91,01:32:30,122,022,0018,0086,0000,0000,90,30,27,26,28,246
00581,1330515,91,01:32:40,128,021,0018,0085,0000,0000,90,30,27,26,28,250
00582,1330515,91,01:32:50,131,020,0018,0085,0000,0000,90,30,27,26,28,241
00583,1330515,91,01:33:00,131,019,0018,0085,0000,0000,90,30,26,25,27,243
00584,1330515,91,01:33:10,131,019,0018,0086,0000,0000,90,30,25,24,27,244
00585,1330515,91,01:33:20,131,019,0018,0085,0000,0000,90,30,25,24,26,244
00586,1330515,91,01:33:30,131,018,0018,0085,0000,0000,90,30,24,23,25,242
00587,1330515,91,01:33:40,131,017,0018,0085,0000,0000,90,30,23,22,25,253
00588,1330515,91,01:33:50,131,017,0018,0085,0000,0000,90,30,23,22,25,243
00589,1330515,91,01:34:00,131,018,0018,0084,0000,0000,90,30,24,23,25,248
00590,1330515,91,01:34:10,131,018,0018,0085,0000,0000,90,30,24,23,25,240
00591,1330515,91,01:34:20,131,019,0018,0084,0000,0000,90,30,25,24,26,247
00592,1330515,91,01:34:30,131,019,0018,0084,0000,0000,90,30,26,24,27,247
00593,1330515,91,01:34:40,131,019,0018,0085,0000,0000,90,30,26,25,27,241
00594,1330515,91,01:34:50,131,019,0018,0085,0000,0000,90,30,25,24,27,245
00595,1330515,91,01:35:00,131,019,0017,0084,0000,0000,90,30,25,24,27,254
00596,1330515,91,01:35:10,131,019,0018,0083,0000,0000,90,30,26,24,27,247
00597,1330515,91,01:35:20,131,020,0018,0084,0000,0000,90,30,27,26,28,244
00598,1330515,91,01:35:30,131,020,0018,0085,0000,0000,90,30,27,26,29,250
00599,1330515,91,01:35:40,131,021,0018,0085,0000,0000,90,30,28,26,29,242
00600,1330515,91,01:35:50,131,021,0018,0084,0000,0000,90,30,28,26,29,241
00601,1330515,91,01:36:00,131,021,0018,0084,0000,0000,90,30,28,27,29,247
00602,1330515,91,01:36:10,131,021,0018,0084,0000,0000,90,30,28,27,30,253
00603,1330515,91,01:36:20,131,021,0018,0083,0000,0000,90,30,28,27,30,248
00604,1330515,91,01:36:30,131,021,0018,0084,0000,0000,90,30,28,27,30,249
00605,1330515,91,01:36:40,131,021,0018,0083,0000,0000,90,30,28,27,29,240
00606,1330515,91,01:36:50,131,021,0018,0084,0000,0000,90,30,28,27,29,245
00607,1330515,91,01:37:00,131,021,0018,0083,0000,0000,90,30,28,27,29,247
00608,1330515,91,01:37:10,131,021,0018,0083,0000,0000,90,30,28,27,30,241
00609,1330515,91,01:37:20,131,021,0018,0083,0000,0000,90,30,28,27,29,251
00610,1330515,91,01:37:30,131,020,0018,0083,0000,0000,90,30,27,26,29,253
00611,1330515,91,01:37:40,131,020,0018,0083,0000,0000,90,30,27,26,28,250
00612,1330515,91,01:37:50,131,020,0018,0083,0000,0000,90,30,27,25,28,251
00613,1330515,91,01:38:00,131,020,0018,0083,0000,0000,90,30,27,25,28,240
00614,1330515,91,01:38:00,131,019,0018,0083,0000,0000,B0,30,25,23,26,140
00615,1330515,91,01:38:00,134,000,0018,0084,0000,0000,B0,30,0,0,0,247
00616,1330515,91,01:38:10,005,020,0018,0084,0000,0000,90,30,1,0,1,143
00617,1330515,91,01:38:20,023,026,0018,0085,0000,0000,90,30,6,3,7,140
00618,1330515,91,01:38:30,044,029,0018,0086,0000,0000,90,30,13,9,14,132
00619,1330515,91,01:38:40,063,028,0018,0086,0000,0000,90,30,18,14,21,242
00620,1330515,91,01:38:50,074,029,0018,0086,0000,0000,90,30,22,18,25,255
00621,1330515,91,01:39:00,079,030,0018,0085,0000,0000,90,30,24,21,27,242
00622,1330515,91,01:39:10,085,029,0018,0085,0000,0000,90,30,25,22,28,246
00623,1330515,91,01:39:20,088,029,0018,0085,0000,0000,90,30,26,23,28,251
00624,1330515,91,01:39:30,090,028,0018,0085,0000,0000,90,30,26,23,29,244
00625,1330515,91,01:39:40,098,026,0019,0085,0000,0000,90,30,26,23,28,244
00626,1330515,91,01:39:50,099,026,0018,0085,0000,0000,90,30,26,24,29,240
00627,1330515,91,01:40:00,105,024,0018,0084,0000,0000,90,30,26,24,28,252
00628,1330515,91,01:40:10,111,023,0018,0084,0000,0000,90,30,26,24,28,240
00629,1330515,91,01:40:20,118,022,0018,0084,0000,0000,90,30,26,24,28,250
00630,1330515,91,01:40:30,125,020,0018,0083,0000,0000,90,30,26,25,27,246
00631,1330515,91,01:40:40,131,019,0018,0083,0000,0000,90,30,25,24,27,253
00632,1330515,91,01:40:50,131,018,0018,0083,0000,0000,90,30,24,23,26,249
00633,1330515,91,01:41:00,131,017,0018,0082,0000,0000,90,30,23,22,24,246
00634,1330515,91,01:41:10,131,016,0018,0082,0000,0000,90,30,21,21,23,247
00635,1330515,91,01:41:20,131,015,0018,0082,0000,0000,90,30,20,19,21,254
00636,1330515,91,01:41:30,131,014,0018,0081,0000,0000,90,30,19,18,20,244
00637,1330515,91,01:41:40,131,014,0018,0082,0000,0000,90,30,19,18,20,241
00638,1330515,91,01:41:50,131,013,0018,0082,0000,0000,90,30,18,17,20,246
00639,1330515,91,01:42:00,131,013,0018,0082,0000,0000,90,30,18,17,20,241
00640,1330515,91,01:42:10,131,013,0018,0082,0000,0000,90,30,18,17,19,244
00641,1330515,91,01:42:20,130,013,0018,0081,0000,0000,90,30,17,17,19,251
00642,1330515,91,01:42:30,130,013,0018,0081,0000,0000,90,30,17,17,19,249
00643,1330515,91,01:42:40,131,012,0018,0082,0000,0000,90,30,17,16,19,253
00644,1330515,91,01:42:50,130,013,0018,0081,0000,0000,90,30,17,16,18,249
00645,1330515,91,01:43:00,130,013,0018,0081,0000,0000,90,30,17,16,19,253
00646,1330515,91,01:43:10,130,013,0018,0081,0000,0000,90,30,17,16,18,254
00647,1330515,91,01:43:20,130,013,0018,0080,0000,0000,90,30,18,16,19,243
00648,1330515,91,01:43:30,130,014,0018,0082,0000,0000,90,30,19,18,20,253
00649,1330515,91,01:43:40,130,015,0018,0080,0000,0000,90,30,20,19,21,242
00650,1330515,91,01:43:50,130,016,0018,0080,0000,0000,90,30,21,20,22,240
00651,1330515,91,01:44:00,130,016,0018,0080,0000,0000,90,30,22,21,23,240
00652,1330515,91,01:44:10,130,017,0018,0080,0000,0000,90,30,23,21,24,245
00653,1330515,91,01:44:20,130,017,0018,0081,0000,0000,90,30,23,22,24,245
00654,1330515,91,01:44:30,130,018,0018,0080,0000,0000,90,30,24,23,25,250
00655,1330515,91,01:44:40,130,018,0018,0081,0000,0000,90,30,24,23,25,253
00656,1330515,91,01:44:50,130,019,0018,0081,0000,0000,90,30,25,24,26,251
00657,1330515,91,01:45:00,130,019,0018,0080,0000,0000,90,30,25,24,27,254
00658,1330515,91,01:45:10,130,020,0018,0080,0000,0000,90,30,26,25,27,248
00659,1330515,91,01:45:20,130,020,0018,0080,0000,0000,90,30,26,25,27,250
00660,1330515,91,01:45:30,130,020,0018,0080,0000,0000,90,30,27,26,28,252
00661,1330515,91,01:45:40,130,020,0018,0080,0000,0000,90,30,27,26,28,250
00662,1330515,91,01:45:50,130,020,0018,0080,0000,0000,90,30,27,26,29,249
00663,1330515,91,01:46:00,127,021,0018,0080,0000,0000,B0,30,26,23,29,134
00664,1330515,91,01:46:00,133,000,0018,0081,0000,0000,B0,30,0,0,0,250
00665,1330515,91,01:46:10,005,000,0018,0080,0000,0000,90,30,0,0,0,132
00666,1330515,91,01:46:20,025,020,0018,0082,0000,0000,90,30,5,1,6,132
00667,1330515,91,01:46:30,051,023,0018,0083,0000,0000,90,30,12,7,14,129
00668,1330515,91,01:46:40,074,022,0018,0082,0000,0000,90,30,17,13,20,252
00669,1330515,91,01:46:50,095,022,0018,0082,0000,0000,90,30,21,17,23,241
00670,1330515,91,01:47:00,107,021,0019,0081,0000,0000,90,30,24,20,26,242
00671,1330515,91,01:47:10,113,022,0018,0080,0000,0000,90,30,25,21,27,245
00672,1330515,91,01:47:20,121,021,0018,0078,0000,0000,90,30,27,24,28,248
00673,1330515,91,01:47:30,126,021,0018,0078,0000,0000,90,30,27,26,28,253
00674,1330515,91,01:47:40,127,022,0018,0076,0000,0000,90,30,28,27,29,254
00675,1330515,91,01:47:50,126,022,0017,0076,0000,0000,90,30,28,28,30,247
00676,1330515,91,01:48:00,126,022,0017,0076,0000,0000,90,30,29,27,30,240
00677,1330515,91,01:48:10,125,022,0017,0075,0000,0000,90,30,28,27,30,241
00678,1330515,91,01:48:20,124,022,0017,0076,0000,0000,90,30,28,27,30,255
00679,1330515,91,01:48:30,127,022,0017,0075,0000,0000,90,30,28,26,29,246
00680,1330515,91,01:48:40,126,022,0017,0076,0000,0000,90,30,28,26,29,245
00681,1330515,91,01:48:50,126,022,0018,0075,0000,0000,90,30,28,27,29,248
00682,1330515,91,01:49:00,125,022,0018,0076,0000,0000,90,30,28,27,30,247
00683,1330515,91,01:49:10,126,022,0018,0075,0000,0000,90,30,28,28,30,248
00684,1330515,91,01:49:20,125,022,0017,0075,0000,0000,90,30,28,27,30,255
00685,1330515,91,01:49:30,125,022,0017,0074,0000,0000,90,30,28,27,30,254
00686,1330515,91,01:49:40,124,022,0017,0074,0000,0000,90,30,28,27,30,251
00687,1330515,91,01:49:50,125,023,0017,0074,0000,0000,90,30,29,27,30,250
00688,1330515,91,01:50:00,122,022,0018,0074,0000,0000,90,30,28,27,30,240
00689,1330515,91,01:50:10,122,022,0017,0074,0000,0000,90,30,28,26,30,254
00690,1330515,91,01:50:20,123,022,0017,0074,0000,0000,90,30,28,27,29,253
00691,1330515,91,01:50:30,122,022,0017,0074,0000,0000,90,30,28,27,30,244
00692,1330515,91,01:50:40,122,022,0017,0074,0000,0000,90,30,28,27,30,240
00693,1330515,91,01:50:50,122,022,0017,0074,0000,0000,90,30,28,27,30,240
00694,1330515,91,01:51:00,119,023,0017,0073,0000,0000,90,30,28,26,30,252
00695,1330515,91,01:51:10,120,023,0017,0074,0000,0000,90,30,28,26,30,241
00696,1330515,91,01:51:20,117,023,0017,0074,0000,0000,90,30,28,27,30,244
00697,1330515,91,01:51:30,117,023,0017,0074,0000,0000,90,30,28,26,30,245
00698,1330515,91,01:51:40,117,023,0018,0072,0000,0000,90,30,28,26,30,244
00699,1330515,91,01:51:50,116,024,0018,0073,0000,0000,90,30,28,26,30,243
00700,1330515,91,01:51:50,127,007,0017,0075,0000,0000,B0,30,8,7,8,251
00701,1330515,91,01:51:50,001,000,0017,0075,0000,0000,90,30,0,0,0,132
00702,1330515,91,01:52:00,015,026,0017,0076,0000,0000,90,30,4,2,5,128
00703,1330515,91,01:52:10,039,025,0018,0077,0000,0000,90,30,10,6,12,131
00704,1330515,91,01:52:20,061,026,0017,0077,0000,0000,90,30,16,11,19,248
00705,1330515,91,01:52:30,078,025,0017,0077,0000,0000,90,30,20,15,22,250
00706,1330515,91,01:52:40,090,025,0017,0077,0000,0000,90,30,23,18,25,241
00707,1330515,91,01:52:50,100,024,0017,0075,0000,0000,90,30,24,21,27,245
00708,1330515,91,01:53:00,109,022,0017,0075,0000,0000,90,30,25,22,27,243
00709,1330515,91,01:53:10,113,023,0017,0075,0000,0000,90,30,26,24,28,243
00710,1330515,91,01:53:20,116,023,0017,0074,0000,0000,90,30,27,25,29,253
00711,1330515,91,01:53:30,109,025,0017,0074,0000,0000,90,30,28,25,30,242
00712,1330515,91,01:53:40,116,022,0018,0074,0000,0000,90,30,26,24,28,246
00713,1330515,91,01:53:50,122,022,0017,0074,0000,0000,90,30,27,25,29,255
00714,1330515,91,01:54:00,119,024,0017,0073,0000,0000,90,30,28,27,30,246
00715,1330515,91,01:54:10,116,024,0017,0072,0000,0000,90,30,28,26,30,249
00716,1330515,91,01:54:20,114,024,0017,0072,0000,0000,90,30,28,27,30,250
00717,1330515,91,01:54:30,114,024,0016,0072,0000,0000,90,30,28,26,30,250
00718,1330515,91,01:54:40,112,024,0017,0072,0000,0000,90,30,27,25,29,241
00719,1330515,91,01:54:50,112,024,0017,0072,0000,0000,90,30,27,25,30,249
00720,1330515,91,01:55:00,114,024,0017,0072,0000,0000,90,30,28,25,30,254
00721,1330515,91,01:55:10,114,023,0017,0072,0000,0000,90,30,28,25,29,241
00722,1330515,91,01:55:20,111,025,0017,0072,0000,0000,90,30,28,26,30,249
00723,1330515,91,01:55:30,110,025,0017,0072,0000,0000,90,30,28,26,30,248
00724,1330515,91,01:55:40,110,025,0017,0072,0000,0000,90,30,28,26,29,240
00725,1330515,91,01:55:50,114,023,0017,0072,0000,0000,90,30,27,25,29,254
00726,1330515,91,01:56:00,113,023,0017,0072,0000,0000,90,30,27,25,29,252
00727,1330515,91,01:56:10,114,024,0017,0072,0000,0000,90,30,28,25,30,251
00728,1330515,91,01:56:20,113,024,0017,0072,0000,0000,90,30,28,26,30,243
00729,1330515,91,01:56:30,112,024,0016,0072,0000,0000,90,30,27,26,30,252
00730,1330515,91,01:56:40,112,025,0017,0072,0000,0000,90,30,28,25,30,255
00731,1330515,91,01:56:50,113,023,0017,0072,0000,0000,90,30,27,26,29,252
00732,1330515,91,01:57:00,113,023,0017,0071,0000,0000,90,30,26,22,30,245
00733,1330515,91,01:57:10,117,023,0017,0072,0000,0000,90,30,28,25,29,243
00734,1330515,91,01:57:20,117,023,0017,0072,0000,0000,90,30,28,26,29,244
00735,1330515,91,01:57:30,112,025,0017,0072,0000,0000,90,30,28,26,30,255
00736,1330515,91,01:57:40,114,023,0017,0072,0000,0000,90,30,27,25,29,255
00737,1330515,91,01:57:50,115,024,0017,0071,0000,0000,90,30,28,26,29,246
00738,1330515,91,01:58:00,115,024,0017,0071,0000,0000,90,30,28,26,30,251
00739,1330515,91,01:58:10,115,024,0017,0071,0000,0000,90,30,28,26,30,251
00740,1330515,91,01:58:20,115,024,0017,0070,0000,0000,90,30,28,26,30,247
00741,1330515,91,01:58:30,115,024,0017,0071,0000,0000,90,30,27,26,29,241
00742,1330515,91,01:58:40,116,023,0017,0071,0000,0000,90,30,27,24,29,243
00743,1330515,91,01:58:50,118,023,0018,0071,0000,0000,90,30,28,26,30,247
00744,1330515,91,01:59:00,114,023,0017,0072,0000,0000,90,30,27,26,29,243
00745,1330515,91,01:59:10,111,024,0017,0071,0000,0000,90,30,27,23,31,254
00746,1330515,91,01:59:20,115,023,0017,0071,0000,0000,90,30,27,25,29,242
00747,1330515,91,01:59:30,118,022,0017,0070,0000,0000,90,30,27,25,29,255
00748,1330515,91,01:59:40,121,022,0017,0071,0000,0000,90,30,28,25,29,243
00749,1330515,91,01:59:50,122,022,0017,0071,0000,0000,90,30,28,26,30,251
00750,1330515,91,02:00:00,118,023,0017,0070,0000,0000,90,30,29,27,30,240
00751,1330515,91,02:00:10,116,024,0017,0071,0000,0000,90,30,28,27,30,249
00752,1330515,91,02:00:20,117,023,0017,0070,0000,0000,90,30,28,26,29,247
00753,1330515,91,02:00:30,118,023,0017,0070,0000,0000,90,30,28,26,29,248
00754,1330515,91,02:00:40,117,023,0017,0071,0000,0000,90,30,28,27,30,255
00755,1330515,91,02:00:50,120,023,0017,0070,0000,0000,90,30,28,26,29,243
00756,1330515,91,02:01:00,122,022,0016,0070,0000,0000,90,30,28,26,29,246
00757,1330515,91,02:01:10,124,022,0017,0070,0000,0000,90,30,28,26,29,241
00758,1330515,91,02:01:20,126,022,0017,0070,0000,0000,90,30,28,27,29,254
00759,1330515,91,02:01:30,125,022,0017,0070,0000,0000,90,30,28,27,29,253
00760,1330515,91,02:01:40,125,023,0017,0070,0000,0000,90,30,29,27,30,248
00761,1330515,91,02:01:50,125,016,0017,0070,0000,0000,B0,30,21,19,21,128
00762,1330515,91,02:01:50,111,000,0017,0070,0000,0000,B0,30,0,0,0,249
00763,1330515,91,02:02:00,008,012,0017,0072,0000,0000,90,30,1,0,1,141
00764,1330515,91,02:02:10,027,025,0017,0073,0000,0000,90,30,7,3,8,143
00765,1330515,91,02:02:20,050,026,0017,0074,0000,0000,90,30,13,7,16,128
00766,1330515,91,02:02:30,070,022,0017,0074,0000,0000,90,30,17,11,21,246
00767,1330515,91,02:02:40,089,023,0017,0072,0000,0000,90,30,21,16,23,241
00768,1330515,91,02:02:50,101,023,0016,0072,0000,0000,90,30,24,20,26,250
00769,1330515,91,02:03:00,107,024,0017,0072,0000,0000,90,30,26,23,27,255
00770,1330515,91,02:03:10,110,024,0017,0071,0000,0000,90,30,27,25,29,250
00771,1330515,91,02:03:20,115,023,0017,0071,0000,0000,90,30,27,25,28,251
00772,1330515,91,02:03:30,116,023,0017,0070,0000,0000,90,30,27,26,29,249
00773,1330515,91,02:03:40,118,023,0017,0070,0000,0000,90,30,28,26,29,254
00774,1330515,91,02:03:50,117,023,0017,0070,0000,0000,90,30,28,26,30,255
00775,1330515,91,02:04:00,116,024,0016,0070,0000,0000,90,30,28,26,30,251
00776,1330515,91,02:04:10,116,024,0017,0070,0000,0000,90,30,28,26,30,248
00777,1330515,91,02:04:20,115,024,0017,0069,0000,0000,90,30,28,27,30,240
00778,1330515,91,02:04:30,116,024,0017,0069,0000,0000,90,30,28,26,30,252
00779,1330515,91,02:04:40,115,024,0017,0070,0000,0000,90,30,28,26,30,241
00780,1330515,91,02:04:50,114,023,0017,0070,0000,0000,90,30,27,25,30,252
00781,1330515,91,02:05:00,113,024,0017,0069,0000,0000,90,30,28,26,30,253
00782,1330515,91,02:05:10,112,025,0017,0070,0000,0000,90,30,28,25,30,244
00783,1330515,91,02:05:20,112,025,0017,0069,0000,0000,90,30,28,25,30,254
00784,1330515,91,02:05:30,108,025,0017,0069,0000,0000,90,30,28,26,30,240
00785,1330515,91,02:05:40,108,025,0017,0069,0000,0000,90,30,28,26,30,246
00786,1330515,91,02:05:50,106,026,0017,0069,0000,0000,90,30,28,25,30,250
00787,1330515,91,02:06:00,106,026,0017,0069,0000,0000,90,30,28,25,30,253
00788,1330515,91,02:06:10,104,026,0017,0070,0000,0000,90,30,28,26,30,250
00789,1330515,91,02:06:20,105,025,0017,0069,0000,0000,90,30,27,25,30,254
00790,1330515,91,02:06:30,104,025,0017,0070,0000,0000,90,30,28,25,30,241
00791,1330515,91,02:06:40,102,027,0017,0069,0000,0000,90,30,28,25,30,251
00792,1330515,91,02:06:50,100,028,0017,0069,0000,0000,90,30,28,24,30,245
00793,1330515,91,02:07:00,096,028,0017,0069,0000,0000,90,30,27,25,30,240
00794,1330515,91,02:07:10,093,029,0017,0069,0000,0000,90,30,27,24,30,243
00795,1330515,91,02:07:20,096,028,0017,0070,0000,0000,90,30,27,24,30,253
00796,1330515,91,02:07:30,096,027,0017,0069,0000,0000,90,30,26,24,29,241
00797,1330515,91,02:07:40,098,027,0017,0069,0000,0000,90,30,27,24,29,248
00798,1330515,91,02:07:50,100,027,0017,0069,0000,0000,90,30,27,24,29,246
00799,1330515,91,02:08:00,100,027,0017,0069,0000,0000,90,30,27,24,29,253
00800,1330515,91,02:08:10,102,026,0017,0069,0000,0000,90,30,27,24,29,240
00801,1330515,91,02:08:20,105,025,0017,0069,0000,0000,90,30,27,24,29,246
00802,1330515,91,02:08:30,108,025,0017,0068,0000,0000,90,30,27,25,29,249
00803,1330515,91,02:08:40,109,024,0017,0069,0000,0000,90,30,27,25,29,254
00804,1330515,91,02:08:50,110,025,0017,0068,0000,0000,90,30,28,25,30,247
00805,1330515,91,02:09:00,111,025,0017,0068,0000,0000,90,30,28,26,29,248
00806,1330515,91,02:09:10,115,023,0018,0068,0000,0000,90,30,27,25,29,251
00807,1330515,91,02:09:20,117,023,0017,0068,0000,0000,90,30,28,26,29,248
00808,1330515,91,02:09:30,118,023,0017,0069,0000,0000,90,30,28,26,29,248
00809,1330515,91,02:09:40,118,023,0018,0068,0000,0000,90,30,28,26,29,240
00810,1330515,91,02:09:50,119,023,0017,0068,0000,0000,90,30,28,27,30,254
00811,1330515,91,02:10:00,117,023,0017,0068,0000,0000,90,30,28,26,29,245
00812,1330515,91,02:10:10,119,023,0018,0068,0000,0000,90,30,28,27,30,255
00813,1330515,91,02:10:20,119,023,0018,0069,0000,0000,90,30,28,27,30,252
00814,1330515,91,02:10:30,120,023,0017,0069,0000,0000,90,30,28,26,29,246
00815,1330515,91,02:10:40,123,022,0018,0068,0000,0000,90,30,28,26,29,252
00816,1330515,91,02:10:50,125,022,0018,0067,0000,0000,90,30,28,27,29,246
00817,1330515,91,02:11:00,125,022,0018,0067,0000,0000,90,30,28,27,29,243
00818,1330515,91,02:11:10,126,023,0017,0068,0000,0000,90,30,29,27,29,254
00819,1330515,91,02:11:20,125,022,0018,0067,0000,0000,90,30,28,27,30,247
00820,1330515,91,02:11:30,125,023,0017,0067,0000,0000,90,30,29,28,30,252
00821,1330515,91,02:11:40,123,023,0018,0067,0000,0000,90,30,29,27,30,252
00822,1330515,91,02:11:50,124,023,0018,0068,0000,0000,90,30,29,27,30,246
00823,1330515,91,02:11:50,129,005,0017,0067,0000,0000,B0,30,6,5,6,255
00824,1330515,91,02:11:50,000,000,0018,0068,0000,0000,90,30,0,0,0,137
00825,1330515,91,02:12:00,015,020,0017,0070,0000,0000,90,30,4,1,4,143
00826,1330515,91,02:12:10,041,024,0017,0071,0000,0000,90,30,10,5,12,136
00827,1330515,91,02:12:20,062,024,0017,0071,0000,0000,90,30,15,11,18,244
00828,1330515,91,02:12:30,078,025,0017,0071,0000,0000,90,30,20,15,23,250
00829,1330515,91,02:12:40,095,023,0017,0070,0000,0000,90,30,22,17,24,255
00830,1330515,91,02:12:50,106,022,0018,0068,0000,0000,90,30,24,21,26,251
00831,1330515,91,02:13:00,115,022,0017,0068,0000,0000,90,30,26,24,27,245
00832,1330515,91,02:13:10,117,023,0018,0067,0000,0000,90,30,27,25,29,250
00833,1330515,91,02:13:20,116,024,0018,0066,0000,0000,90,30,28,26,30,251
00834,1330515,91,02:13:30,116,024,0017,0067,0000,0000,90,30,28,27,30,242
00835,1330515,91,02:13:40,114,024,0017,0067,0000,0000,90,30,28,26,30,247
00836,1330515,91,02:13:50,116,024,0018,0067,0000,0000,90,30,28,27,30,249
00837,1330515,91,02:14:00,114,024,0018,0066,0000,0000,90,30,28,26,30,248
00838,1330515,91,02:14:10,113,023,0017,0066,0000,0000,90,30,27,25,30,245
00839,1330515,91,02:14:20,114,024,0017,0066,0000,0000,90,30,28,26,30,251
00840,1330515,91,02:14:30,107,026,0018,0066,0000,0000,90,30,28,26,31,250
00841,1330515,91,02:14:40,105,026,0017,0066,0000,0000,90,30,28,26,30,240
00842,1330515,91,02:14:50,105,025,0017,0067,0000,0000,90,30,27,25,30,252
00843,1330515,91,02:15:00,105,025,0018,0067,0000,0000,90,30,27,24,29,255
00844,1330515,91,02:15:10,111,024,0017,0066,0000,0000,90,30,27,25,29,242
00845,1330515,91,02:15:20,114,024,0018,0066,0000,0000,90,30,28,26,29,246
00846,1330515,91,02:15:30,114,023,0017,0066,0000,0000,90,30,27,25,29,240
00847,1330515,91,02:15:40,113,024,0018,0066,0000,0000,90,30,28,26,30,253
00848,1330515,91,02:15:50,113,024,0018,0065,0000,0000,90,30,28,26,30,240
00849,1330515,91,02:16:00,112,024,0017,0066,0000,0000,90,30,27,25,29,254
00850,1330515,91,02:16:10,113,024,0017,0065,0000,0000,90,30,28,27,30,240
00851,1330515,91,02:16:20,111,025,0017,0066,0000,0000,90,30,28,25,30,240
00852,1330515,91,02:16:30,110,025,0017,0066,0000,0000,90,30,28,26,30,240
00853,1330515,91,02:16:40,106,026,0017,0066,0000,0000,90,30,28,26,31,243
00854,1330515,91,02:16:50,104,026,0018,0066,0000,0000,90,30,28,25,30,250
00855,1330515,91,02:17:00,104,025,0018,0066,0000,0000,90,30,27,25,29,251
00856,1330515,91,02:17:10,105,025,0017,0066,0000,0000,90,30,27,25,30,255
00857,1330515,91,02:17:20,105,025,0018,0066,0000,0000,90,30,27,25,30,242
00858,1330515,91,02:17:30,105,025,0018,0066,0000,0000,90,30,27,25,30,252
00859,1330515,91,02:17:40,104,026,0017,0065,0000,0000,90,30,28,25,30,251
00860,1330515,91,02:17:50,103,027,0017,0066,0000,0000,90,30,28,25,30,245
00861,1330515,91,02:18:00,100,027,0018,0065,0000,0000,90,30,27,24,30,255
00862,1330515,91,02:18:10,097,028,0018,0066,0000,0000,90,30,28,25,30,240
00863,1330515,91,02:18:20,096,028,0017,0066,0000,0000,90,30,27,25,30,243
00864,1330515,91,02:18:30,095,028,0018,0066,0000,0000,90,30,27,24,30,248
00865,1330515,91,02:18:40,096,028,0018,0066,0000,0000,90,30,27,24,30,253
00866,1330515,91,02:18:50,098,027,0017,0067,0000,0000,90,30,27,24,29,248
00867,1330515,91,02:19:00,100,027,0018,0065,0000,0000,90,30,27,24,29,240
00868,1330515,91,02:19:10,103,026,0018,0066,0000,0000,90,30,27,24,29,255
00869,1330515,91,02:19:20,105,025,0018,0067,0000,0000,90,30,27,24,30,241
00870,1330515,91,02:19:30,104,025,0018,0066,0000,0000,90,30,27,24,30,248
00871,1330515,91,02:19:40,103,026,0018,0066,0000,0000,90,30,27,24,29,242
00872,1330515,91,02:19:50,105,025,0017,0066,0000,0000,90,30,27,23,29,253
00873,1330515,91,02:20:00,103,026,0018,0066,0000,0000,90,30,27,24,30,246
00874,1330515,91,02:20:10,102,026,0018,0066,0000,0000,90,30,27,24,30,241
00875,1330515,91,02:20:20,103,025,0018,0065,0000,0000,90,30,26,23,29,252
00876,1330515,91,02:20:30,107,025,0018,0066,0000,0000,90,30,27,24,30,247
00877,1330515,91,02:20:40,107,025,0018,0065,0000,0000,90,30,27,24,29,250
00878,1330515,91,02:20:50,108,025,0018,0064,0000,0000,90,30,27,24,29,250
00879,1330515,91,02:21:00,110,024,0018,0066,0000,0000,90,30,27,24,29,245
00880,1330515,91,02:21:10,114,023,0018,0066,0000,0000,90,30,27,24,29,241
00881,1330515,91,02:21:20,117,023,0018,0065,0000,0000,90,30,27,24,29,243
00882,1330515,91,02:21:30,119,022,0018,0064,0000,0000,90,30,27,25,29,254
00883,1330515,91,02:21:40,118,023,0018,0065,0000,0000,90,30,28,25,30,254
00884,1330515,91,02:21:50,121,017,0018,0066,0000,0000,B0,30,20,18,21,139
00885,1330515,91,02:21:50,118,000,0018,0066,0000,0000,B0,30,0,0,0,252
00886,1330515,91,02:22:00,009,011,0018,0066,0000,0000,90,30,1,0,1,131
00887,1330515,91,02:22:10,028,025,0017,0068,0000,0000,90,30,7,3,8,138
00888,1330515,91,02:22:20,052,025,0017,0069,0000,0000,90,30,13,8,16,140
00889,1330515,91,02:22:30,073,024,0018,0068,0000,0000,90,30,18,13,21,240
00890,1330515,91,02:22:40,087,024,0018,0068,0000,0000,90,30,22,16,24,253
00891,1330515,91,02:22:50,095,025,0018,0067,0000,0000,90,30,24,20,27,240
00892,1330515,91,02:23:00,101,024,0018,0067,0000,0000,90,30,25,22,28,246
00893,1330515,91,02:23:10,106,024,0018,0067,0000,0000,90,30,26,23,28,243
00894,1330515,91,02:23:20,106,025,0018,0066,0000,0000,90,30,27,24,29,240
00895,1330515,91,02:23:30,107,025,0018,0066,0000,0000,90,30,27,24,30,249
00896,1330515,91,02:23:40,106,025,0018,0066,0000,0000,90,30,27,25,30,253
00897,1330515,91,02:23:50,106,025,0018,0066,0000,0000,90,30,27,25,30,253
00898,1330515,91,02:24:00,105,025,0018,0066,0000,0000,90,30,27,24,30,242
00899,1330515,91,02:24:10,105,025,0018,0066,0000,0000,90,30,27,24,30,242
00900,1330515,91,02:24:20,102,026,0017,0065,0000,0000,90,30,27,24,30,248
00901,1330515,91,02:24:30,104,025,0017,0065,0000,0000,90,30,27,24,29,245
00902,1330515,91,02:24:40,106,025,0017,0065,0000,0000,90,30,27,24,30,251
00903,1330515,91,02:24:50,104,025,0018,0064,0000,0000,90,30,27,24,30,247
00904,1330515,91,02:25:00,106,025,0018,0064,0000,0000,90,30,27,24,29,254
00905,1330515,91,02:25:10,106,025,0018,0065,0000,0000,90,30,27,24,30,247
00906,1330515,91,02:25:20,105,025,0018,0064,0000,0000,90,30,27,24,30,245
00907,1330515,91,02:25:30,104,025,0018,0064,0000,0000,90,30,27,24,30,244
00908,1330515,91,02:25:40,103,026,0018,0064,0000,0000,90,30,27,24,29,240
00909,1330515,91,02:25:50,102,026,0018,0065,0000,0000,90,30,27,24,30,248
00910,1330515,91,02:26:00,102,026,0018,0064,0000,0000,90,30,27,24,30,247
00911,1330515,91,02:26:10,101,026,0018,0064,0000,0000,90,30,27,24,30,244
00912,1330515,91,02:26:20,101,026,0018,0065,0000,0000,90,30,27,24,30,245
00913,1330515,91,02:26:30,101,026,0018,0065,0000,0000,90,30,27,23,30,242
00914,1330515,91,02:26:40,102,026,0018,0065,0000,0000,90,30,27,24,29,254
00915,1330515,91,02:26:50,102,025,0018,0064,0000,0000,90,30,26,24,29,253
00916,1330515,91,02:27:00,105,025,0018,0064,0000,0000,90,30,27,24,29,252
00917,1330515,91,02:27:10,106,024,0018,0064,0000,0000,90,30,26,23,29,248
00918,1330515,91,02:27:20,108,025,0018,0064,0000,0000,90,30,27,24,29,253
00919,1330515,91,02:27:30,110,024,0018,0065,0000,0000,90,30,27,24,29,244
00920,1330515,91,02:27:40,114,023,0018,0064,0000,0000,90,30,27,24,29,251
00921,1330515,91,02:27:50,113,023,0018,0063,0000,0000,90,30,27,25,29,250
00922,1330515,91,02:28:00,114,023,0018,0065,0000,0000,90,30,27,24,29,243
00923,1330515,91,02:28:10,114,023,0018,0063,0000,0000,90,30,27,25,30,252
00924,1330515,91,02:28:20,114,023,0018,0064,0000,0000,90,30,27,25,29,247
00925,1330515,91,02:28:30,115,024,0018,0064,0000,0000,90,30,28,26,30,245
00926,1330515,91,02:28:40,113,023,0018,0064,0000,0000,90,30,27,25,30,252
00927,1330515,91,02:28:50,114,024,0018,0064,0000,0000,90,30,28,25,30,243
00928,1330515,91,02:29:00,113,023,0018,0064,0000,0000,90,30,27,25,30,247
00929,1330515,91,02:29:10,113,023,0018,0063,0000,0000,90,30,27,25,30,240
00930,1330515,91,02:29:20,115,023,0018,0063,0000,0000,90,30,27,25,29,245
00931,1330515,91,02:29:30,116,024,0018,0063,0000,0000,90,30,28,25,30,246
00932,1330515,91,02:29:40,114,023,0018,0063,0000,0000,90,30,27,25,29,240
00933,1330515,91,02:29:50,117,023,0018,0063,0000,0000,90,30,28,26,30,247
00934,1330515,91,02:30:00,116,024,0018,0063,0000,0000,90,30,28,26,30,251
00935,1330515,91,02:30:10,113,023,0018,0064,0000,0000,90,30,27,25,30,242
00936,1330515,91,02:30:20,113,023,0018,0063,0000,0000,90,30,27,25,30,245
00937,1330515,91,02:30:30,113,023,0018,0064,0000,0000,90,30,27,25,30,242
00938,1330515,91,02:30:40,111,025,0018,0064,0000,0000,90,30,27,25,30,254
00939,1330515,91,02:30:50,107,026,0017,0064,0000,0000,90,30,28,25,30,250
00940,1330515,91,02:31:00,103,027,0018,0064,0000,0000,90,30,28,25,30,250
00941,1330515,91,02:31:10,101,026,0018,0063,0000,0000,90,30,27,24,30,240
00942,1330515,91,02:31:20,097,028,0018,0063,0000,0000,90,30,28,24,31,254
00943,1330515,91,02:31:30,093,029,0018,0063,0000,0000,90,30,27,24,31,244
00944,1330515,91,02:31:40,092,029,0018,0063,0000,0000,90,30,27,23,30,243
00945,1330515,91,02:31:50,091,029,0018,0064,0000,0000,90,30,27,23,30,247
00946,1330515,91,02:31:50,123,006,0018,0064,0000,0000,B0,30,7,4,6,250
00947,1330515,91,02:31:50,001,100,0018,0065,0000,0000,90,30,1,0,1,130
00948,1330515,91,02:32:00,012,050,0018,0066,0000,0000,90,30,6,4,7,139
00949,1330515,91,02:32:10,032,034,0018,0068,0000,0000,90,30,11,8,13,141
00950,1330515,91,02:32:20,049,032,0018,0067,0000,0000,90,30,16,12,19,240
00951,1330515,91,02:32:30,063,031,0018,0068,0000,0000,90,30,20,14,23,254
00952,1330515,91,02:32:40,074,029,0018,0067,0000,0000,90,30,22,17,25,253
00953,1330515,91,02:32:50,081,029,0018,0066,0000,0000,90,30,24,20,27,246
00954,1330515,91,02:33:00,086,029,0018,0065,0000,0000,90,30,25,21,28,254
00955,1330515,91,02:33:10,088,028,0018,0067,0000,0000,90,30,25,22,29,241
00956,1330515,91,02:33:20,091,028,0018,0064,0000,0000,90,30,26,22,29,249
00957,1330515,91,02:33:30,094,027,0018,0064,0000,0000,90,30,26,22,29,243
00958,1330515,91,02:33:40,095,027,0018,0065,0000,0000,90,30,26,22,29,251
00959,1330515,91,02:33:50,095,027,0018,0066,0000,0000,90,30,26,23,29,249
00960,1330515,91,02:34:00,097,027,0018,0064,0000,0000,90,30,27,24,29,247
00961,1330515,91,02:34:10,094,028,0018,0064,0000,0000,90,30,27,23,30,244
00962,1330515,91,02:34:20,092,028,0018,0064,0000,0000,90,30,26,23,30,243
00963,1330515,91,02:34:30,095,027,0018,0064,0000,0000,90,30,26,22,29,242
00964,1330515,91,02:34:40,096,028,0018,0063,0000,0000,90,30,27,23,29,249
00965,1330515,91,02:34:50,094,028,0017,0064,0000,0000,90,30,27,24,30,252
00966,1330515,91,02:35:00,096,027,0018,0063,0000,0000,90,30,26,23,29,240
00967,1330515,91,02:35:10,094,027,0018,0063,0000,0000,90,30,26,23,30,250
00968,1330515,91,02:35:20,097,026,0018,0063,0000,0000,90,30,26,23,29,252
00969,1330515,91,02:35:30,099,026,0018,0063,0000,0000,90,30,26,23,29,242
00970,1330515,91,02:35:40,103,025,0018,0062,0000,0000,90,30,26,24,29,250
00971,1330515,91,02:35:50,104,025,0017,0062,0000,0000,90,30,26,23,29,245
00972,1330515,91,02:36:00,107,025,0018,0062,0000,0000,90,30,27,24,29,250
00973,1330515,91,02:36:10,107,025,0017,0062,0000,0000,90,30,27,24,29,245
00974,1330515,91,02:36:20,108,025,0018,0062,0000,0000,90,30,27,24,29,241
00975,1330515,91,02:36:30,110,025,0018,0062,0000,0000,90,30,28,25,30,254
00976,1330515,91,02:36:40,108,025,0018,0062,0000,0000,90,30,27,25,30,252
00977,1330515,91,02:36:50,110,024,0018,0062,0000,0000,90,30,27,24,29,253
00978,1330515,91,02:37:00,109,024,0018,0062,0000,0000,90,30,27,24,29,254
00979,1330515,91,02:37:10,109,024,0018,0062,0000,0000,90,30,27,25,30,247
00980,1330515,91,02:37:20,108,025,0018,0062,0000,0000,90,30,27,24,29,251
00981,1330515,91,02:37:30,110,024,0018,0062,0000,0000,90,30,27,25,30,250
00982,1330515,91,02:37:40,109,025,0017,0062,0000,0000,90,30,28,25,30,247
00983,1330515,91,02:37:50,108,025,0018,0062,0000,0000,90,30,27,24,29,255
00984,1330515,91,02:38:00,108,025,0018,0062,0000,0000,90,30,27,24,30,250
00985,1330515,91,02:38:10,108,025,0018,0062,0000,0000,90,30,27,24,30,250
00986,1330515,91,02:38:20,109,024,0018,0062,0000,0000,90,30,27,25,30,251
00987,1330515,91,02:38:30,109,024,0018,0061,0000,0000,90,30,27,25,29,240
00988,1330515,91,02:38:40,109,024,0018,0062,0000,0000,90,30,27,25,30,243
00989,1330515,91,02:38:50,108,025,0018,0061,0000,0000,90,30,27,25,30,240
00990,1330515,91,02:39:00,107,025,0018,0061,0000,0000,90,30,27,24,30,242
00991,1330515,91,02:39:10,108,025,0018,0062,0000,0000,90,30,27,24,29,246
00992,1330515,91,02:39:20,108,025,0018,0062,0000,0000,90,30,27,24,30,254
00993,1330515,91,02:39:30,105,025,0018,0062,0000,0000,90,30,27,24,30,243
00994,1330515,91,02:39:40,104,025,0018,0061,0000,0000,90,30,27,25,30,240
00995,1330515,91,02:39:50,106,025,0018,0062,0000,0000,90,30,27,24,30,240
00996,1330515,91,02:40:00,104,025,0018,0062,0000,0000,90,30,27,24,30,250
00997,1330515,91,02:40:10,104,025,0018,0061,0000,0000,90,30,27,25,30,248
00998,1330515,91,02:40:20,103,026,0018,0061,0000,0000,90,30,27,24,29,249
00999,1330515,91,02:40:30,105,025,0018,0061,0000,0000,90,30,27,23,29,251
01000,1330515,91,02:40:40,104,025,0017,0061,0000,0000,90,30,27,24,30,245
01001,1330515,91,02:40:50,103,025,0018,0061,0000,0000,90,30,26,23,29,243
01002,1330515,91,02:41:00,106,025,0018,0061,0000,0000,90,30,27,24,29,247
01003,1330515,91,02:41:10,103,026,0018,0061,0000,0000,90,30,27,25,30,248
01004,1330515,91,02:41:20,105,025,0018,0061,0000,0000,90,30,27,23,29,247
01005,1330515,91,02:41:30,103,025,0018,0061,0000,0000,90,30,26,23,29,240
01006,1330515,91,02:41:40,104,025,0018,0061,0000,0000,90,30,27,24,30,253
01007,1330515,91,02:41:50,108,019,0017,0062,0000,0000,B0,30,20,17,21,142
01008,1330515,91,02:41:50,116,000,0017,0061,0000,0000,B0,30,0,0,0,240
01009,1330515,91,02:42:00,008,025,0017,0062,0000,0000,90,30,2,0,2,134
01010,1330515,91,02:42:10,026,030,0017,0064,0000,0000,90,30,8,4,9,132
01011,1330515,91,02:42:20,049,026,0017,0065,0000,0000,90,30,13,8,16,134
01012,1330515,91,02:42:30,069,024,0017,0064,0000,0000,90,30,17,12,20,250
01013,1330515,91,02:42:40,086,025,0017,0064,0000,0000,90,30,22,17,24,251
01014,1330515,91,02:42:50,091,025,0017,0063,0000,0000,90,30,23,17,27,254
01015,1330515,91,02:43:00,093,025,0017,0062,0000,0000,90,30,24,18,28,255
01016,1330515,91,02:43:10,102,024,0017,0062,0000,0000,90,30,25,22,28,253
01017,1330515,91,02:43:20,102,025,0017,0061,0000,0000,90,30,26,22,29,255
01018,1330515,91,02:43:30,107,024,0017,0060,0000,0000,90,30,27,23,29,244
01019,1330515,91,02:43:40,106,025,0017,0061,0000,0000,90,30,27,24,30,252
01020,1330515,91,02:43:50,107,025,0017,0060,0000,0000,90,30,27,24,29,255
01021,1330515,91,02:44:00,107,025,0017,0061,0000,0000,90,30,27,24,29,253
01022,1330515,91,02:44:10,107,025,0017,0060,0000,0000,90,30,27,24,29,254
01023,1330515,91,02:44:20,107,025,0018,0059,0000,0000,90,30,27,24,30,241
01024,1330515,91,02:44:30,107,025,0017,0059,0000,0000,90,30,27,24,30,248
01025,1330515,91,02:44:40,107,025,0017,0060,0000,0000,90,30,27,24,30,244
01026,1330515,91,02:44:50,107,025,0017,0060,0000,0000,90,30,27,24,29,254
01027,1330515,91,02:45:00,107,025,0017,0060,0000,0000,90,30,27,24,30,243
01028,1330515,91,02:45:10,107,025,0017,0059,0000,0000,90,30,27,24,30,247
01029,1330515,91,02:45:20,107,025,0017,0060,0000,0000,90,30,27,24,30,255
01030,1330515,91,02:45:30,106,025,0017,0060,0000,0000,90,30,27,24,30,247
01031,1330515,91,02:45:40,107,025,0017,0059,0000,0000,90,30,27,25,30,251
01032,1330515,91,02:45:50,106,025,0017,0059,0000,0000,90,30,27,24,30,249
01033,1330515,91,02:46:00,106,025,0018,0059,0000,0000,90,30,27,24,30,241
01034,1330515,91,02:46:10,106,025,0018,0060,0000,0000,90,30,27,24,30,253
01035,1330515,91,02:46:20,106,025,0017,0059,0000,0000,90,30,27,24,30,250
01036,1330515,91,02:46:30,106,025,0017,0060,0000,0000,90,30,27,25,30,243
01037,1330515,91,02:46:40,105,025,0018,0060,0000,0000,90,30,27,24,30,248
01038,1330515,91,02:46:50,106,025,0017,0060,0000,0000,90,30,27,24,30,250
01039,1330515,91,02:47:00,105,025,0017,0059,0000,0000,90,30,27,24,30,246
01040,1330515,91,02:47:10,106,025,0017,0059,0000,0000,90,30,27,25,30,251
01041,1330515,91,02:47:20,105,025,0017,0059,0000,0000,90,30,27,24,30,251
01042,1330515,91,02:47:30,106,025,0017,0059,0000,0000,90,30,27,24,29,242
01043,1330515,91,02:47:40,105,025,0017,0059,0000,0000,90,30,27,24,30,255
01044,1330515,91,02:47:50,104,025,0018,0059,0000,0000,90,30,27,24,30,247
01045,1330515,91,02:48:00,104,025,0018,0059,0000,0000,90,30,27,24,30,252
01046,1330515,91,02:48:10,105,025,0017,0059,0000,0000,90,30,27,24,29,248
01047,1330515,91,02:48:20,106,025,0017,0058,0000,0000,90,30,27,24,29,248
01048,1330515,91,02:48:30,106,025,0017,0059,0000,0000,90,30,27,24,29,247
01049,1330515,91,02:48:40,105,025,0017,0058,0000,0000,90,30,27,24,30,251
01050,1330515,91,02:48:50,105,025,0017,0058,0000,0000,90,30,27,24,29,250
01051,1330515,91,02:49:00,106,025,0017,0059,0000,0000,90,30,27,24,30,245
01052,1330515,91,02:49:10,104,025,0017,0058,0000,0000,90,30,27,24,30,244
01053,1330515,91,02:49:20,105,025,0017,0058,0000,0000,90,30,27,24,30,247
01054,1330515,91,02:49:30,106,025,0017,0059,0000,0000,90,30,27,24,30,243
01055,1330515,91,02:49:40,105,025,0017,0059,0000,0000,90,30,27,24,30,246
01056,1330515,91,02:49:50,105,025,0017,0059,0000,0000,90,30,27,24,30,244
01057,1330515,91,02:50:00,105,025,0017,0059,0000,0000,90,30,27,24,30,248
01058,1330515,91,02:50:10,105,025,0017,0058,0000,0000,90,30,27,24,30,247
01059,1330515,91,02:50:20,106,025,0017,0057,0000,0000,90,30,27,24,29,241
01060,1330515,91,02:50:30,105,025,0017,0058,0000,0000,90,30,27,24,30,254
01061,1330515,91,02:50:40,106,025,0017,0058,0000,0000,90,30,27,25,30,250
01062,1330515,91,02:50:50,105,025,0017,0058,0000,0000,90,30,27,25,30,251
01063,1330515,91,02:51:00,106,025,0017,0058,0000,0000,90,30,27,25,30,253
01064,1330515,91,02:51:10,105,025,0017,0059,0000,0000,90,30,27,25,30,249
01065,1330515,91,02:51:20,106,025,0017,0058,0000,0000,90,30,27,25,30,249
01066,1330515,91,02:51:30,106,025,0017,0058,0000,0000,90,30,27,25,30,251
01067,1330515,91,02:51:40,106,025,0018,0059,0000,0000,90,30,27,25,30,243
01068,1330515,91,02:51:50,105,025,0018,0058,0000,0000,90,30,27,25,30,255
01069,1330515,91,02:51:50,127,005,0017,0058,0000,0000,B0,30,6,5,6,254
01070,1330515,91,02:51:50,001,000,0017,0059,0000,0000,90,30,0,0,0,137
01071,1330515,91,02:52:00,015,026,0018,0062,0000,0000,90,30,5,2,5,138
01072,1330515,91,02:52:10,038,026,0018,0062,0000,0000,90,30,10,6,12,134
01073,1330515,91,02:52:20,061,026,0018,0063,0000,0000,90,30,16,11,19,247
01074,1330515,91,02:52:30,077,025,0018,0062,0000,0000,90,30,20,15,23,252
01075,1330515,91,02:52:40,087,026,0017,0061,0000,0000,90,30,23,18,26,241
01076,1330515,91,02:52:50,094,025,0017,0060,0000,0000,90,30,24,21,27,255
01077,1330515,91,02:53:00,100,026,0017,0060,0000,0000,90,30,26,22,28,251
01078,1330515,91,02:53:10,101,025,0017,0060,0000,0000,90,30,26,23,29,247
01079,1330515,91,02:53:20,105,025,0017,0059,0000,0000,90,30,27,24,29,253
01080,1330515,91,02:53:30,106,025,0017,0059,0000,0000,90,30,27,24,29,249
01081,1330515,91,02:53:40,106,025,0017,0059,0000,0000,90,30,27,24,29,255
01082,1330515,91,02:53:50,106,025,0017,0059,0000,0000,90,30,27,24,29,253
01083,1330515,91,02:54:00,106,025,0017,0058,0000,0000,90,30,27,24,30,247
01084,1330515,91,02:54:10,105,025,0017,0058,0000,0000,90,30,27,25,30,243
01085,1330515,91,02:54:20,106,025,0017,0058,0000,0000,90,30,27,25,30,242
01086,1330515,91,02:54:30,105,025,0017,0058,0000,0000,90,30,27,24,30,242
01087,1330515,91,02:54:40,106,025,0017,0058,0000,0000,90,30,27,24,30,247
01088,1330515,91,02:54:50,105,025,0018,0058,0000,0000,90,30,27,24,30,245
01089,1330515,91,02:55:00,106,025,0018,0059,0000,0000,90,30,27,24,30,242
01090,1330515,91,02:55:10,105,025,0017,0058,0000,0000,90,30,27,25,30,247
01091,1330515,91,02:55:20,106,025,0017,0058,0000,0000,90,30,27,24,30,247
01092,1330515,91,02:55:30,105,025,0017,0059,0000,0000,10,30,27,25,30,254
01093,1330515,91,02:55:40,106,025,0017,0058,0000,0000,10,30,27,25,30,250
01094,1330515,91,02:55:50,105,025,0017,0058,0000,0000,10,30,27,25,30,255
01095,1330515,91,02:56:00,106,025,0017,0058,0000,0000,10,30,27,25,30,251
01096,1330515,91,02:56:10,105,025,0017,0058,0000,0000,10,30,27,25,30,250
01097,1330515,91,02:56:20,104,025,0017,0058,0000,0000,10,30,27,24,30,248
01098,1330515,91,02:56:30,105,025,0017,0058,0000,0000,10,30,27,25,30,246
01099,1330515,91,02:56:40,105,025,0017,0057,0000,0000,10,30,27,25,30,255
01100,1330515,91,02:56:50,104,025,0017,0058,0000,0000,10,30,27,25,30,241
01101,1330515,91,02:57:00,105,025,0017,0058,0000,0000,10,30,27,24,30,244
